	genes	Tumor_Sample_Barcode	Label	Predicted label	Probability_Neutral	Probability_Oncogene	Probability_Tumor suppressor
TCGA-F4-6805-01A;RYR3	RYR3	TCGA-F4-6805-01A	Neutral	Neutral	0.713897257830688	0.15492419674060293	0.13117854542870935
TCGA-F4-6805-01A;ZFHX4	ZFHX4	TCGA-F4-6805-01A	Neutral	Neutral	0.8952140653102912	0.04937029461654025	0.055415640073168584
TCGA-F4-6805-01A;DYSF	DYSF	TCGA-F4-6805-01A	Neutral	Neutral	0.7480888671231328	0.0860166502560966	0.16589448262077056
TCGA-F4-6805-01A;ATRX	ATRX	TCGA-F4-6805-01A	Tumor suppressor	Tumor suppressor	0.36423999252285627	0.09441980646036048	0.5413402010167832
TCGA-F4-6805-01A;PTPRT	PTPRT	TCGA-F4-6805-01A	Tumor suppressor	Tumor suppressor	0.4880090001473083	0.01604960340270617	0.4959413964499854
TCGA-F4-6805-01A;NTNG1	NTNG1	TCGA-F4-6805-01A	Neutral	Neutral	0.8782232245476664	0.049326026468094364	0.07245074898423934
TCGA-F4-6805-01A;KLHL4	KLHL4	TCGA-F4-6805-01A	Neutral	Neutral	0.869631051933507	0.04756806976850343	0.08280087829798967
TCGA-F4-6805-01A;PIK3CA	PIK3CA	TCGA-F4-6805-01A	Oncogene	Oncogene	0.0	0.9994266670290134	0.0005733329709865677
TCGA-F4-6805-01A;AKT1	AKT1	TCGA-F4-6805-01A	Oncogene	Oncogene	0.0	0.9972044448067912	0.00279555519320879
TCGA-F4-6805-01A;SMARCD1	SMARCD1	TCGA-F4-6805-01A	Tumor suppressor	Tumor suppressor	0.10492818971919546	0.24547801144461068	0.649593798836194
TCGA-F4-6805-01A;SMC1A	SMC1A	TCGA-F4-6805-01A	Tumor suppressor	Tumor suppressor	0.1395948760052781	0.2859744354884452	0.5744306885062768
TCGA-F4-6805-01A;SMAD4	SMAD4	TCGA-F4-6805-01A	Tumor suppressor	Tumor suppressor	0.07885518078391984	0.23590501298914723	0.6852398062269331
TCGA-F4-6805-01A;SVEP1	SVEP1	TCGA-F4-6805-01A	Neutral	Neutral	0.5153187639505735	0.09866183455524752	0.38601940149417907
TCGA-AZ-6605-01A;FLNC	FLNC	TCGA-AZ-6605-01A	Neutral	Neutral	0.5131297021811924	0.2953656045070881	0.19150469331172
TCGA-AZ-6605-01A;EPHA7	EPHA7	TCGA-AZ-6605-01A	Neutral	Oncogene	0.3844754710362994	0.47805650500925057	0.1374680239544501
TCGA-AZ-6605-01A;FAT4	FAT4	TCGA-AZ-6605-01A	Tumor suppressor	Neutral	0.5118474198433602	0.09149718339245683	0.396655396764183
TCGA-AZ-6605-01A;GRIK2	GRIK2	TCGA-AZ-6605-01A	Neutral	Neutral	0.8338684261827293	0.1120401939989081	0.05409137981836274
TCGA-AZ-6605-01A;TRPS1	TRPS1	TCGA-AZ-6605-01A	Neutral	Neutral	0.8731601730705115	0.05902988100315669	0.06780994592633201
TCGA-AZ-6605-01A;RUNX1T1	RUNX1T1	TCGA-AZ-6605-01A	Neutral	Neutral	0.5683896887640408	0.2276728422039884	0.20393746903197094
TCGA-AZ-6605-01A;CDH1	CDH1	TCGA-AZ-6605-01A	Tumor suppressor	Oncogene	0.07683201211004671	0.5862591166063037	0.33690887128364966
TCGA-AZ-6605-01A;THBS2	THBS2	TCGA-AZ-6605-01A	Neutral	Tumor suppressor	0.375937401634327	0.1165542385249248	0.5075083598407484
TCGA-AZ-6605-01A;TAF3	TAF3	TCGA-AZ-6605-01A	Neutral	Tumor suppressor	0.24928223004820033	0.1751218322749078	0.575595937676892
TCGA-AZ-6605-01A;BRWD3	BRWD3	TCGA-AZ-6605-01A	Neutral	Neutral	0.5118474198433602	0.09149718339245683	0.396655396764183
TCGA-AZ-6605-01A;BRCA2	BRCA2	TCGA-AZ-6605-01A	Tumor suppressor	Tumor suppressor	0.12872497649170683	0.2787844677519581	0.5924905557563351
TCGA-AZ-6605-01A;APC	APC	TCGA-AZ-6605-01A	Tumor suppressor	Tumor suppressor	0.07453457638622585	0.14101100568252542	0.7844544179312488
TCGA-AZ-6605-01A;MSH2	MSH2	TCGA-AZ-6605-01A	Tumor suppressor	Tumor suppressor	0.14764423110553118	0.2590483240633005	0.5933074448311683
TCGA-AZ-6605-01A;EGFLAM	EGFLAM	TCGA-AZ-6605-01A	Neutral	Neutral	0.8238184715556298	0.11595184522603445	0.06022968321833606
TCGA-AZ-6605-01A;DOCK2	DOCK2	TCGA-AZ-6605-01A	Neutral	Tumor suppressor	0.25452737662582947	0.16404246714264167	0.5814301562315289
TCGA-DM-A288-01A;PTPRC	PTPRC	TCGA-DM-A288-01A	Tumor suppressor	Tumor suppressor	0.2510050992396371	0.20704719384026188	0.5419477069201012
TCGA-DM-A288-01A;CUBN	CUBN	TCGA-DM-A288-01A	Neutral	Neutral	0.5152589223358255	0.0972035321264924	0.38753754553768216
TCGA-DM-A288-01A;ADAMTS16	ADAMTS16	TCGA-DM-A288-01A	Neutral	Neutral	0.8475714237100438	0.10010251134464442	0.05232606494531204
TCGA-DM-A288-01A;SMAD3	SMAD3	TCGA-DM-A288-01A	Tumor suppressor	Tumor suppressor	0.07689510777322338	0.4552463920031568	0.4678585002236197
TCGA-DM-A288-01A;APC	APC	TCGA-DM-A288-01A	Tumor suppressor	Oncogene	0.11344649461221605	0.4948921012579671	0.39166140412981676
TCGA-DM-A288-01A;ETNK1	ETNK1	TCGA-DM-A288-01A	Tumor suppressor	Neutral	0.4468228949204114	0.1578435143310093	0.39533359074857927
TCGA-DM-A288-01A;KRAS	KRAS	TCGA-DM-A288-01A	Oncogene	Oncogene	0.0	0.9894266670290134	0.010573332970986567
TCGA-DM-A288-01A;COL1A2	COL1A2	TCGA-DM-A288-01A	Neutral	Tumor suppressor	0.2404156819232578	0.32735937873001747	0.43222493934672485
TCGA-DM-A288-01A;CASP3	CASP3	TCGA-DM-A288-01A	Tumor suppressor	Oncogene	0.06805526611337881	0.5351093124263506	0.39683542146027057
TCGA-DM-A288-01A;PIK3CA	PIK3CA	TCGA-DM-A288-01A	Oncogene	Oncogene	0.0	0.9894266670290134	0.010573332970986567
TCGA-CM-6170-01A;MGAM	MGAM	TCGA-CM-6170-01A	Neutral	Neutral	0.5298680778349731	0.10370481250276622	0.36642710966226066
TCGA-CM-6170-01A;GLI3	GLI3	TCGA-CM-6170-01A	Neutral	Oncogene	0.31158279020818525	0.40631185277230364	0.282105357019511
TCGA-CM-6170-01A;NBEA	NBEA	TCGA-CM-6170-01A	Neutral	Neutral	0.7404676362284844	0.10788892047028342	0.15164344330123225
TCGA-CM-6170-01A;DYNC1I1	DYNC1I1	TCGA-CM-6170-01A	Neutral	Oncogene	0.3051262418174254	0.5503661791071344	0.1445075790754402
TCGA-CM-6170-01A;COL12A1	COL12A1	TCGA-CM-6170-01A	Neutral	Neutral	0.7618148106451867	0.10084049478797155	0.13734469456684173
TCGA-CM-6170-01A;ZNF831	ZNF831	TCGA-CM-6170-01A	Neutral	Neutral	0.8952140653102912	0.04937029461654025	0.055415640073168584
TCGA-CM-6170-01A;PTPRT	PTPRT	TCGA-CM-6170-01A	Tumor suppressor	Tumor suppressor	0.4880090001473083	0.01604960340270617	0.4959413964499854
TCGA-CM-6170-01A;ASXL1	ASXL1	TCGA-CM-6170-01A	Tumor suppressor	Tumor suppressor	0.14543149207147232	0.2587472562874572	0.5958212516410705
TCGA-CM-6170-01A;CHD7	CHD7	TCGA-CM-6170-01A	Neutral	Neutral	0.49766560355804346	0.09784278346489904	0.4044916129770575
TCGA-CM-6170-01A;SETD1B	SETD1B	TCGA-CM-6170-01A	Tumor suppressor	Tumor suppressor	0.22294910307480298	0.12219683343892401	0.6548540634862731
TCGA-CM-6170-01A;GATA2	GATA2	TCGA-CM-6170-01A	Oncogene	Neutral	0.3625801713889654	0.33654419735017427	0.3008756312608602
TCGA-CM-6170-01A;CASP9	CASP9	TCGA-CM-6170-01A	Tumor suppressor	Tumor suppressor	0.15395652898360884	0.27001223162143684	0.5760312393949544
TCGA-CM-6170-01A;CHD4	CHD4	TCGA-CM-6170-01A	Oncogene	Oncogene	0.09641338440056244	0.47527336602130005	0.42831324957813754
TCGA-CM-6170-01A;BIRC6	BIRC6	TCGA-CM-6170-01A	Neutral	Neutral	0.46004785720427704	0.12109239674387176	0.4188597460518511
TCGA-CM-6170-01A;APC	APC	TCGA-CM-6170-01A	Tumor suppressor	Tumor suppressor	0.07453457638622585	0.14101100568252542	0.7844544179312488
TCGA-CM-6170-01A;SCN5A	SCN5A	TCGA-CM-6170-01A	Neutral	Neutral	0.6573996685560054	0.05891735249763594	0.28368297894635874
TCGA-CM-6170-01A;SMARCA4	SMARCA4	TCGA-CM-6170-01A	Tumor suppressor	Tumor suppressor	0.07247322025831267	0.17636179508492564	0.7511649846567618
TCGA-CM-6170-01A;SMAD4	SMAD4	TCGA-CM-6170-01A	Tumor suppressor	Tumor suppressor	0.08045756977101075	0.22820079744466173	0.6913416327843278
TCGA-D5-5540-01A;ANKS1B	ANKS1B	TCGA-D5-5540-01A	Neutral	Neutral	0.8931803425938978	0.045687945457822	0.061131711948280196
TCGA-D5-5540-01A;NCKAP5	NCKAP5	TCGA-D5-5540-01A	Neutral	Neutral	0.8830753169825242	0.05911891841619557	0.05780576460128046
TCGA-D5-5540-01A;AR	AR	TCGA-D5-5540-01A	Oncogene	Oncogene	0.018123901499636257	0.940120421099437	0.04175567740092681
TCGA-D5-5540-01A;FLT4	FLT4	TCGA-D5-5540-01A	Oncogene	Oncogene	0.1638326871282186	0.5699054204444777	0.2662618924273037
TCGA-D5-5540-01A;ROBO2	ROBO2	TCGA-D5-5540-01A	Tumor suppressor	Tumor suppressor	0.3997319497378149	0.16840174194566923	0.4318663083165159
TCGA-D5-5540-01A;OTUD7A	OTUD7A	TCGA-D5-5540-01A	Neutral	Neutral	0.36736754841939323	0.3236122309809224	0.3090202205996843
TCGA-D5-5540-01A;PIK3CA	PIK3CA	TCGA-D5-5540-01A	Oncogene	Oncogene	0.0	0.9994266670290134	0.0005733329709865677
TCGA-D5-5540-01A;SCN5A	SCN5A	TCGA-D5-5540-01A	Neutral	Neutral	0.6573996685560054	0.05891735249763594	0.28368297894635874
TCGA-D5-5540-01A;PLEC	PLEC	TCGA-D5-5540-01A	Neutral	Tumor suppressor	0.1612965350860119	0.3337787646348549	0.5049247002791333
TCGA-D5-5540-01A;KRAS	KRAS	TCGA-D5-5540-01A	Oncogene	Oncogene	0.0	0.9994266670290134	0.0005733329709865677
TCGA-D5-5540-01A;FAT1	FAT1	TCGA-D5-5540-01A	Tumor suppressor	Tumor suppressor	0.1382141481331227	0.29560475052216445	0.5661811013447129
TCGA-D5-5540-01A;PTPRD	PTPRD	TCGA-D5-5540-01A	Tumor suppressor	Neutral	0.4985065623957942	0.09655814651823494	0.4049352910859708
TCGA-4N-A93T-01A;ZFHX4	ZFHX4	TCGA-4N-A93T-01A	Neutral	Neutral	0.8952140653102912	0.04937029461654025	0.055415640073168584
TCGA-4N-A93T-01A;HMCN1	HMCN1	TCGA-4N-A93T-01A	Neutral	Neutral	0.879161644846471	0.0603899153582569	0.06044843979527229
TCGA-4N-A93T-01A;DYSF	DYSF	TCGA-4N-A93T-01A	Neutral	Neutral	0.5053187923923798	0.0920901245689274	0.40259108303869284
TCGA-4N-A93T-01A;GUCY1A2	GUCY1A2	TCGA-4N-A93T-01A	Neutral	Neutral	0.8429254815337892	0.11345496637759117	0.043619552088619826
TCGA-4N-A93T-01A;PXDN	PXDN	TCGA-4N-A93T-01A	Neutral	Neutral	0.516173001238709	0.09530183455524752	0.38852516420604344
TCGA-4N-A93T-01A;NLRP3	NLRP3	TCGA-4N-A93T-01A	Neutral	Oncogene	0.19695541236658126	0.4943727124728903	0.3086718751605284
TCGA-4N-A93T-01A;CARD11	CARD11	TCGA-4N-A93T-01A	Oncogene	Oncogene	0.2957869907825008	0.6205382962887629	0.08367471292873642
TCGA-4N-A93T-01A;SPEF2	SPEF2	TCGA-4N-A93T-01A	Neutral	Neutral	0.88025694726406	0.05300837562681261	0.06673467710912771
TCGA-4N-A93T-01A;DNMT3A	DNMT3A	TCGA-4N-A93T-01A	Tumor suppressor	Tumor suppressor	0.20038866711829403	0.18489913235821412	0.6147122005234921
TCGA-4N-A93T-01A;ELF3	ELF3	TCGA-4N-A93T-01A	Tumor suppressor	Tumor suppressor	0.38262858199932226	0.20669531243457023	0.41067610556610723
TCGA-4N-A93T-01A;NFKBIE	NFKBIE	TCGA-4N-A93T-01A	Tumor suppressor	Tumor suppressor	0.15689200053293237	0.2590116483969447	0.5840963510701229
TCGA-4N-A93T-01A;SETD1B	SETD1B	TCGA-4N-A93T-01A	Tumor suppressor	Tumor suppressor	0.22294910307480298	0.12219683343892401	0.6548540634862731
TCGA-4N-A93T-01A;WAC	WAC	TCGA-4N-A93T-01A	Neutral	Neutral	0.4506320957228395	0.12160452435180505	0.42776337992535546
TCGA-4N-A93T-01A;ARHGAP5	ARHGAP5	TCGA-4N-A93T-01A	Oncogene	Tumor suppressor	0.14085071987773476	0.2807748375208665	0.5783744426013988
TCGA-4N-A93T-01A;FBN2	FBN2	TCGA-4N-A93T-01A	Neutral	Neutral	0.8246202874728997	0.12619168736393685	0.0491880251631637
TCGA-4N-A93T-01A;SFMBT2	SFMBT2	TCGA-4N-A93T-01A	Neutral	Neutral	0.8298052686293108	0.06976295081333211	0.1004317805573573
TCGA-4N-A93T-01A;UHRF1BP1	UHRF1BP1	TCGA-4N-A93T-01A	Neutral	Neutral	0.5829590699862914	0.09455684827186492	0.3224840817418438
TCGA-4N-A93T-01A;KRAS	KRAS	TCGA-4N-A93T-01A	Oncogene	Oncogene	0.0	0.9994266670290134	0.0005733329709865677
TCGA-CM-6165-01A;IGSF9B	IGSF9B	TCGA-CM-6165-01A	Neutral	Neutral	0.8952140653102912	0.04937029461654025	0.055415640073168584
TCGA-CM-6165-01A;PLCB1	PLCB1	TCGA-CM-6165-01A	Neutral	Oncogene	0.40872462589022157	0.46684608419830775	0.12442928991147079
TCGA-CM-6165-01A;DLG2	DLG2	TCGA-CM-6165-01A	Neutral	Oncogene	0.4230781581339864	0.49288954110959193	0.08403230075642176
TCGA-CM-6165-01A;SYNE1	SYNE1	TCGA-CM-6165-01A	Neutral	Neutral	0.7790135696748902	0.08999495157832894	0.13099147874678077
TCGA-CM-6165-01A;TMEM132B	TMEM132B	TCGA-CM-6165-01A	Neutral	Neutral	0.8810415942661307	0.05543656925747732	0.06352183647639208
TCGA-CM-6165-01A;GRIN2A	GRIN2A	TCGA-CM-6165-01A	Tumor suppressor	Tumor suppressor	0.18647949770259664	0.3913029877554877	0.4222175145419155
TCGA-CM-6165-01A;PLA2G4A	PLA2G4A	TCGA-CM-6165-01A	Neutral	Neutral	0.3973301726289658	0.3559717103396658	0.24669811703136854
TCGA-CM-6165-01A;ADAMTS16	ADAMTS16	TCGA-CM-6165-01A	Neutral	Neutral	0.8475714237100438	0.10010251134464442	0.05232606494531204
TCGA-CM-6165-01A;PROX1	PROX1	TCGA-CM-6165-01A	Neutral	Neutral	0.6417886389165172	0.07879536198847242	0.2794159990950105
TCGA-CM-6165-01A;THBS2	THBS2	TCGA-CM-6165-01A	Neutral	Tumor suppressor	0.375937401634327	0.1165542385249248	0.5075083598407484
TCGA-CM-6165-01A;IL32	IL32	TCGA-CM-6165-01A	Neutral	Neutral	0.46255629419957517	0.15313196470369037	0.38431174109673444
TCGA-CM-6165-01A;APC	APC	TCGA-CM-6165-01A	Tumor suppressor	Tumor suppressor	0.07453457638622585	0.14101100568252542	0.7844544179312488
TCGA-CM-6165-01A;SEMA6A	SEMA6A	TCGA-CM-6165-01A	Neutral	Neutral	0.4410957218065184	0.12461243991908737	0.4342918382743943
TCGA-CM-6165-01A;POLR3B	POLR3B	TCGA-CM-6165-01A	Neutral	Neutral	0.6213143942718413	0.09355191405055145	0.2851336916776073
TCGA-CM-6165-01A;SMAD4	SMAD4	TCGA-CM-6165-01A	Tumor suppressor	Tumor suppressor	0.09188986604258158	0.29645431058918104	0.6116558233682375
TCGA-AA-3655-01A;GLI3	GLI3	TCGA-AA-3655-01A	Neutral	Oncogene	0.31158279020818525	0.40631185277230364	0.282105357019511
TCGA-AA-3655-01A;CACNA2D1	CACNA2D1	TCGA-AA-3655-01A	Neutral	Neutral	0.810189268203532	0.09304186052040221	0.09676887127606597
TCGA-AA-3655-01A;NOVA1	NOVA1	TCGA-AA-3655-01A	Neutral	Neutral	0.8952140653102912	0.04937029461654025	0.055415640073168584
TCGA-AA-3655-01A;SLITRK6	SLITRK6	TCGA-AA-3655-01A	Neutral	Neutral	0.6531971730820216	0.08355630832683479	0.2632465185911437
TCGA-AA-3655-01A;CHRM3	CHRM3	TCGA-AA-3655-01A	Neutral	Neutral	0.809029607522661	0.0905256831102628	0.10044470936707629
TCGA-AA-3655-01A;PTPRT	PTPRT	TCGA-AA-3655-01A	Tumor suppressor	Tumor suppressor	0.4880090001473083	0.01604960340270617	0.4959413964499854
TCGA-AA-3655-01A;SLIT3	SLIT3	TCGA-AA-3655-01A	Neutral	Neutral	0.47934452090601626	0.11571184369805866	0.40494363539592504
TCGA-AA-3655-01A;AMER1	AMER1	TCGA-AA-3655-01A	Tumor suppressor	Tumor suppressor	0.26737529184464537	0.19882165373685456	0.5338030544185003
TCGA-AA-3655-01A;ITGA10	ITGA10	TCGA-AA-3655-01A	Neutral	Neutral	0.3564232548045135	0.34052714842596415	0.3030495967695223
TCGA-AA-3655-01A;APC	APC	TCGA-AA-3655-01A	Tumor suppressor	Tumor suppressor	0.07453457638622585	0.14101100568252542	0.7844544179312488
TCGA-AA-3655-01A;KIAA1109	KIAA1109	TCGA-AA-3655-01A	Neutral	Tumor suppressor	0.3232319571667956	0.1070415963461213	0.5697264464870831
TCGA-AA-3655-01A;KRAS	KRAS	TCGA-AA-3655-01A	Oncogene	Oncogene	0.0	0.9994266670290134	0.0005733329709865677
TCGA-AA-A02K-01A;MME	MME	TCGA-AA-A02K-01A	Neutral	Neutral	0.7673375609291141	0.10054927477451261	0.1321131642963733
TCGA-AA-A02K-01A;SLCO5A1	SLCO5A1	TCGA-AA-A02K-01A	Neutral	Neutral	0.8845881699797384	0.04392998875823107	0.07148184126203053
TCGA-AA-A02K-01A;SYNE1	SYNE1	TCGA-AA-A02K-01A	Neutral	Neutral	0.7790135696748902	0.08999495157832894	0.13099147874678077
TCGA-AA-A02K-01A;THSD7A	THSD7A	TCGA-AA-A02K-01A	Neutral	Neutral	0.8565298365298892	0.09774671140333017	0.04572345206678077
TCGA-AA-A02K-01A;ADCY2	ADCY2	TCGA-AA-A02K-01A	Neutral	Neutral	0.5748997863321322	0.23132543982409126	0.19377477384377653
TCGA-AA-A02K-01A;DYSF	DYSF	TCGA-AA-A02K-01A	Neutral	Neutral	0.7480888671231328	0.0860166502560966	0.16589448262077056
TCGA-AA-A02K-01A;TRPS1	TRPS1	TCGA-AA-A02K-01A	Neutral	Neutral	0.8731601730705115	0.05902988100315669	0.06780994592633201
TCGA-AA-A02K-01A;MYCBP2	MYCBP2	TCGA-AA-A02K-01A	Neutral	Oncogene	0.34240139525495394	0.4026272494960693	0.2549713552489768
TCGA-AA-A02K-01A;PDE3A	PDE3A	TCGA-AA-A02K-01A	Neutral	Neutral	0.48358583900096574	0.11198468133343108	0.4044294796656031
TCGA-AA-A02K-01A;CDH1	CDH1	TCGA-AA-A02K-01A	Tumor suppressor	Oncogene	0.07683201211004671	0.5862591166063037	0.33690887128364966
TCGA-AA-A02K-01A;ZNF626	ZNF626	TCGA-AA-A02K-01A	Neutral	Neutral	0.88025694726406	0.05300837562681261	0.06673467710912771
TCGA-AA-A02K-01A;ASXL3	ASXL3	TCGA-AA-A02K-01A	Neutral	Neutral	0.8292675845341545	0.11184851500505717	0.05888390046078859
TCGA-AA-A02K-01A;RIMBP2	RIMBP2	TCGA-AA-A02K-01A	Neutral	Neutral	0.8238184715556298	0.11595184522603445	0.06022968321833606
TCGA-AA-A02K-01A;CHD4	CHD4	TCGA-AA-A02K-01A	Oncogene	Oncogene	0.09641338440056244	0.47527336602130005	0.42831324957813754
TCGA-AA-A02K-01A;ARID2	ARID2	TCGA-AA-A02K-01A	Tumor suppressor	Tumor suppressor	0.3158695540985719	0.10431221999200567	0.5798182259094224
TCGA-AA-A02K-01A;ADAM23	ADAM23	TCGA-AA-A02K-01A	Neutral	Neutral	0.8748078342855352	0.0571117058477899	0.06808045986667517
TCGA-AA-A02K-01A;APC	APC	TCGA-AA-A02K-01A	Tumor suppressor	Tumor suppressor	0.07453457638622585	0.14101100568252542	0.7844544179312488
TCGA-AA-A02K-01A;NRXN1	NRXN1	TCGA-AA-A02K-01A	Neutral	Neutral	0.8767803587062458	0.07538026593044206	0.047839375363312404
TCGA-AA-A02K-01A;CUBN	CUBN	TCGA-AA-A02K-01A	Neutral	Neutral	0.5007096084514258	0.09216055417897367	0.40712983736960057
TCGA-AA-A02K-01A;CNTN1	CNTN1	TCGA-AA-A02K-01A	Neutral	Neutral	0.8140985613979548	0.11824526939317909	0.06765616920886634
TCGA-AA-A02K-01A;KRAS	KRAS	TCGA-AA-A02K-01A	Oncogene	Oncogene	0.0	0.9994266670290134	0.0005733329709865677
TCGA-DM-A1D4-01A;SPEG	SPEG	TCGA-DM-A1D4-01A	Neutral	Neutral	0.7683912529235413	0.1054138337714047	0.12619491330505406
TCGA-DM-A1D4-01A;GRIK5	GRIK5	TCGA-DM-A1D4-01A	Neutral	Neutral	0.8400437026710328	0.11011528409657886	0.04984101323238844
TCGA-DM-A1D4-01A;ANKS1B	ANKS1B	TCGA-DM-A1D4-01A	Neutral	Neutral	0.8931803425938978	0.045687945457822	0.061131711948280196
TCGA-DM-A1D4-01A;FAT4	FAT4	TCGA-DM-A1D4-01A	Tumor suppressor	Neutral	0.5118474198433602	0.09149718339245683	0.396655396764183
TCGA-DM-A1D4-01A;GRIN2A	GRIN2A	TCGA-DM-A1D4-01A	Tumor suppressor	Tumor suppressor	0.184411417053212	0.3842283608898161	0.43136022205697183
TCGA-DM-A1D4-01A;RUNX1T1	RUNX1T1	TCGA-DM-A1D4-01A	Neutral	Neutral	0.5683896887640408	0.2276728422039884	0.20393746903197094
TCGA-DM-A1D4-01A;PTPRT	PTPRT	TCGA-DM-A1D4-01A	Tumor suppressor	Tumor suppressor	0.4880090001473083	0.01604960340270617	0.4959413964499854
TCGA-DM-A1D4-01A;ROBO2	ROBO2	TCGA-DM-A1D4-01A	Tumor suppressor	Tumor suppressor	0.37277189237175207	0.15177871446201555	0.4754493931662326
TCGA-DM-A1D4-01A;LRFN5	LRFN5	TCGA-DM-A1D4-01A	Neutral	Neutral	0.8310500564642651	0.10592965120952513	0.06302029232621
TCGA-DM-A1D4-01A;EP400	EP400	TCGA-DM-A1D4-01A	Neutral	Tumor suppressor	0.11797522349163543	0.2637265939963172	0.6182981825120474
TCGA-DM-A1D4-01A;PROS1	PROS1	TCGA-DM-A1D4-01A	Neutral	Neutral	0.49766560355804346	0.09784278346489904	0.4044916129770575
TCGA-DM-A1D4-01A;FBLN2	FBLN2	TCGA-DM-A1D4-01A	Tumor suppressor	Neutral	0.4553814829238151	0.13038053506302696	0.414237982013158
TCGA-DM-A1D4-01A;PIK3CA	PIK3CA	TCGA-DM-A1D4-01A	Oncogene	Oncogene	0.0	0.9994266670290134	0.0005733329709865677
TCGA-DM-A1D4-01A;CDH2	CDH2	TCGA-DM-A1D4-01A	Neutral	Tumor suppressor	0.16041549363131652	0.23938041984536504	0.6002040865233185
TCGA-DM-A1D4-01A;PDE1C	PDE1C	TCGA-DM-A1D4-01A	Neutral	Neutral	0.8351404029763914	0.12568619882214654	0.03917339820146224
TCGA-DM-A1D4-01A;CNTNAP2	CNTNAP2	TCGA-DM-A1D4-01A	Tumor suppressor	Neutral	0.6449296903850326	0.08154909575842911	0.27352121385653844
TCGA-DM-A1D4-01A;PCLO	PCLO	TCGA-DM-A1D4-01A	Neutral	Neutral	0.6820850329791504	0.086381117015422	0.23153385000542773
TCGA-DM-A1D4-01A;MTOR	MTOR	TCGA-DM-A1D4-01A	Oncogene	Oncogene	0.08279687184690612	0.6226320932118585	0.29457103494123543
TCGA-DM-A1D4-01A;APC	APC	TCGA-DM-A1D4-01A	Tumor suppressor	Tumor suppressor	0.07453457638622585	0.14101100568252542	0.7844544179312488
TCGA-DM-A1D4-01A;KRAS	KRAS	TCGA-DM-A1D4-01A	Oncogene	Oncogene	0.0	0.9994266670290134	0.0005733329709865677
TCGA-DM-A1D4-01A;SMAD4	SMAD4	TCGA-DM-A1D4-01A	Tumor suppressor	Tumor suppressor	0.08045756977101075	0.22820079744466173	0.6913416327843278
TCGA-AZ-6600-01A;FLNC	FLNC	TCGA-AZ-6600-01A	Neutral	Neutral	0.5131297021811924	0.2953656045070881	0.19150469331172
TCGA-AZ-6600-01A;MME	MME	TCGA-AZ-6600-01A	Neutral	Neutral	0.7673375609291141	0.10054927477451261	0.1321131642963733
TCGA-AZ-6600-01A;SYNE1	SYNE1	TCGA-AZ-6600-01A	Neutral	Neutral	0.7790135696748902	0.08999495157832894	0.13099147874678077
TCGA-AZ-6600-01A;ABCD2	ABCD2	TCGA-AZ-6600-01A	Neutral	Neutral	0.8290820880042815	0.09549367173843755	0.07542424025728098
TCGA-AZ-6600-01A;FAT4	FAT4	TCGA-AZ-6600-01A	Tumor suppressor	Neutral	0.5118474198433602	0.09149718339245683	0.396655396764183
TCGA-AZ-6600-01A;ZFHX3	ZFHX3	TCGA-AZ-6600-01A	Tumor suppressor	Tumor suppressor	0.24219662407619946	0.12199328267734146	0.6358100932464591
TCGA-AZ-6600-01A;PCDH9	PCDH9	TCGA-AZ-6600-01A	Neutral	Neutral	0.88025694726406	0.05300837562681261	0.06673467710912771
TCGA-AZ-6600-01A;ROBO2	ROBO2	TCGA-AZ-6600-01A	Tumor suppressor	Tumor suppressor	0.3869345717975893	0.15675479101703949	0.4563106371853713
TCGA-AZ-6600-01A;TAF3	TAF3	TCGA-AZ-6600-01A	Neutral	Tumor suppressor	0.24928223004820033	0.1751218322749078	0.575595937676892
TCGA-AZ-6600-01A;HECTD4	HECTD4	TCGA-AZ-6600-01A	Neutral	Neutral	0.516173001238709	0.09530183455524752	0.38852516420604344
TCGA-AZ-6600-01A;RYR2	RYR2	TCGA-AZ-6600-01A	Neutral	Tumor suppressor	0.3449538937771098	0.30065815109924965	0.3543879551236405
TCGA-AZ-6600-01A;SMAD3	SMAD3	TCGA-AZ-6600-01A	Tumor suppressor	Tumor suppressor	0.08025787147327643	0.37646179736904095	0.5432803311576826
TCGA-AZ-6600-01A;APC	APC	TCGA-AZ-6600-01A	Tumor suppressor	Tumor suppressor	0.07453457638622585	0.14101100568252542	0.7844544179312488
TCGA-AZ-6600-01A;MAGI2	MAGI2	TCGA-AZ-6600-01A	Neutral	Neutral	0.35190715216621143	0.3302056819162311	0.3178871659175573
TCGA-AZ-6600-01A;SMAD2	SMAD2	TCGA-AZ-6600-01A	Tumor suppressor	Tumor suppressor	0.09603080604174266	0.436351654099755	0.4676175398585024
TCGA-AZ-6600-01A;KRAS	KRAS	TCGA-AZ-6600-01A	Oncogene	Oncogene	0.0	0.9994266670290134	0.0005733329709865677
TCGA-G4-6297-01A;PDZRN4	PDZRN4	TCGA-G4-6297-01A	Neutral	Neutral	0.8171781005848544	0.07423915954640936	0.10858273986873637
TCGA-G4-6297-01A;GLI3	GLI3	TCGA-G4-6297-01A	Neutral	Oncogene	0.31158279020818525	0.40631185277230364	0.282105357019511
TCGA-G4-6297-01A;GRIK5	GRIK5	TCGA-G4-6297-01A	Neutral	Neutral	0.8400437026710328	0.11011528409657886	0.04984101323238844
TCGA-G4-6297-01A;ADAMTS12	ADAMTS12	TCGA-G4-6297-01A	Neutral	Neutral	0.8565298365298892	0.09774671140333017	0.04572345206678077
TCGA-G4-6297-01A;PCDH17	PCDH17	TCGA-G4-6297-01A	Neutral	Neutral	0.88025694726406	0.05300837562681261	0.06673467710912771
TCGA-G4-6297-01A;PCDHB16	PCDHB16	TCGA-G4-6297-01A	Neutral	Neutral	0.8703123182496636	0.06320894164133212	0.06647874010900466
TCGA-G4-6297-01A;NPR3	NPR3	TCGA-G4-6297-01A	Neutral	Neutral	0.8229726262578761	0.12810986251930365	0.04891751122282054
TCGA-G4-6297-01A;PIK3CA	PIK3CA	TCGA-G4-6297-01A	Oncogene	Oncogene	0.0	0.9994266670290134	0.0005733329709865677
TCGA-G4-6297-01A;PEG3	PEG3	TCGA-G4-6297-01A	Neutral	Neutral	0.8677110600919868	0.06313321122413398	0.06915572868387948
TCGA-G4-6297-01A;MYD88	MYD88	TCGA-G4-6297-01A	Oncogene	Oncogene	0.15829113799637326	0.4983994773991752	0.3433093846044513
TCGA-G4-6297-01A;BIRC6	BIRC6	TCGA-G4-6297-01A	Neutral	Neutral	0.46004785720427704	0.12109239674387176	0.4188597460518511
TCGA-G4-6297-01A;APC	APC	TCGA-G4-6297-01A	Tumor suppressor	Tumor suppressor	0.07453457638622585	0.14101100568252542	0.7844544179312488
TCGA-G4-6297-01A;KRAS	KRAS	TCGA-G4-6297-01A	Oncogene	Oncogene	0.0	0.9994266670290134	0.0005733329709865677
TCGA-A6-2679-01A;ZFHX4	ZFHX4	TCGA-A6-2679-01A	Neutral	Neutral	0.8952140653102912	0.04937029461654025	0.055415640073168584
TCGA-A6-2679-01A;HMCN1	HMCN1	TCGA-A6-2679-01A	Neutral	Neutral	0.879161644846471	0.0603899153582569	0.06044843979527229
TCGA-A6-2679-01A;ZNF831	ZNF831	TCGA-A6-2679-01A	Neutral	Neutral	0.8952140653102912	0.04937029461654025	0.055415640073168584
TCGA-A6-2679-01A;FAT4	FAT4	TCGA-A6-2679-01A	Tumor suppressor	Neutral	0.5176006730966135	0.09267210831738174	0.3897272185860048
TCGA-A6-2679-01A;ADCY1	ADCY1	TCGA-A6-2679-01A	Neutral	Oncogene	0.28093909628452485	0.5908904094977383	0.1281704942177368
TCGA-A6-2679-01A;BTBD11	BTBD11	TCGA-A6-2679-01A	Neutral	Neutral	0.8724494216519713	0.05367861255788638	0.07387196579014241
TCGA-A6-2679-01A;SEMA3D	SEMA3D	TCGA-A6-2679-01A	Neutral	Neutral	0.8292675845341545	0.11184851500505717	0.05888390046078859
TCGA-A6-2679-01A;C1S	C1S	TCGA-A6-2679-01A	Neutral	Tumor suppressor	0.3834828192874579	0.20333531243457023	0.4131818682779717
TCGA-A6-2679-01A;ZNF536	ZNF536	TCGA-A6-2679-01A	Neutral	Neutral	0.8748078342855352	0.0571117058477899	0.06808045986667517
TCGA-A6-2679-01A;APC	APC	TCGA-A6-2679-01A	Tumor suppressor	Tumor suppressor	0.07453457638622585	0.14101100568252542	0.7844544179312488
TCGA-A6-2679-01A;BRINP3	BRINP3	TCGA-A6-2679-01A	Neutral	Neutral	0.6531971730820216	0.08355630832683479	0.2632465185911437
TCGA-A6-2679-01A;MLLT10	MLLT10	TCGA-A6-2679-01A	Neutral	Neutral	0.5109931825552246	0.09485718339245683	0.39414963405231856
TCGA-NH-A8F7-01A;DSCAML1	DSCAML1	TCGA-NH-A8F7-01A	Neutral	Neutral	0.8952140653102912	0.04937029461654025	0.055415640073168584
TCGA-NH-A8F7-01A;THSD7A	THSD7A	TCGA-NH-A8F7-01A	Neutral	Neutral	0.8565298365298892	0.09774671140333017	0.04572345206678077
TCGA-NH-A8F7-01A;KCNT2	KCNT2	TCGA-NH-A8F7-01A	Neutral	Neutral	0.869631051933507	0.04756806976850343	0.08280087829798967
TCGA-NH-A8F7-01A;CEBPA	CEBPA	TCGA-NH-A8F7-01A	Tumor suppressor	Tumor suppressor	0.07868561379172516	0.16893236810537043	0.7523820181029046
TCGA-NH-A8F7-01A;NRK	NRK	TCGA-NH-A8F7-01A	Neutral	Neutral	0.5807221651652551	0.2737267365942407	0.1455510982405043
TCGA-NH-A8F7-01A;PDZD2	PDZD2	TCGA-NH-A8F7-01A	Neutral	Neutral	0.88025694726406	0.05300837562681261	0.06673467710912771
TCGA-NH-A8F7-01A;BRWD3	BRWD3	TCGA-NH-A8F7-01A	Neutral	Neutral	0.5118474198433602	0.09149718339245683	0.396655396764183
TCGA-NH-A8F7-01A;PCSK5	PCSK5	TCGA-NH-A8F7-01A	Neutral	Tumor suppressor	0.39721753087454476	0.10939590932572568	0.4933865597997296
TCGA-NH-A8F7-01A;BARD1	BARD1	TCGA-NH-A8F7-01A	Tumor suppressor	Tumor suppressor	0.11377237908290129	0.2577884812792147	0.6284391396378841
TCGA-NH-A8F7-01A;ANKRD11	ANKRD11	TCGA-NH-A8F7-01A	Neutral	Neutral	0.4653054051554295	0.12792632260881448	0.40676827223575596
TCGA-NH-A8F7-01A;RYR2	RYR2	TCGA-NH-A8F7-01A	Neutral	Tumor suppressor	0.3449538937771098	0.30065815109924965	0.3543879551236405
TCGA-NH-A8F7-01A;RIMBP2	RIMBP2	TCGA-NH-A8F7-01A	Neutral	Neutral	0.8238184715556298	0.11595184522603445	0.06022968321833606
TCGA-NH-A8F7-01A;PREX2	PREX2	TCGA-NH-A8F7-01A	Oncogene	Neutral	0.4960046832413181	0.3534329062167441	0.15056241054193772
TCGA-NH-A8F7-01A;APC	APC	TCGA-NH-A8F7-01A	Tumor suppressor	Tumor suppressor	0.07453457638622585	0.14101100568252542	0.7844544179312488
TCGA-NH-A8F7-01A;FBN2	FBN2	TCGA-NH-A8F7-01A	Neutral	Neutral	0.8246202874728997	0.12619168736393685	0.0491880251631637
TCGA-A6-2682-01A;NBEA	NBEA	TCGA-A6-2682-01A	Neutral	Neutral	0.7404676362284844	0.10788892047028342	0.15164344330123225
TCGA-A6-2682-01A;FZD10	FZD10	TCGA-A6-2682-01A	Neutral	Neutral	0.646483586597055	0.08225174674325761	0.2712646666596874
TCGA-A6-2682-01A;PTEN	PTEN	TCGA-A6-2682-01A	Tumor suppressor	Tumor suppressor	0.05976292934881086	0.1968727707587593	0.74336429989243
TCGA-A6-2682-01A;APC	APC	TCGA-A6-2682-01A	Tumor suppressor	Tumor suppressor	0.07453457638622585	0.14101100568252542	0.7844544179312488
TCGA-A6-2682-01A;ARFGEF1	ARFGEF1	TCGA-A6-2682-01A	Neutral	Tumor suppressor	0.2415396099647911	0.14301806418452084	0.615442325850688
TCGA-A6-2682-01A;HDX	HDX	TCGA-A6-2682-01A	Neutral	Neutral	0.8748078342855352	0.0571117058477899	0.06808045986667517
TCGA-A6-2682-01A;SMAD4	SMAD4	TCGA-A6-2682-01A	Tumor suppressor	Tumor suppressor	0.08930687322286125	0.27621089367876933	0.6344822330983696
TCGA-AZ-6599-01A;TNC	TNC	TCGA-AZ-6599-01A	Oncogene	Oncogene	0.24279438284903831	0.675965411878012	0.0812402052729495
TCGA-AZ-6599-01A;EPHA6	EPHA6	TCGA-AZ-6599-01A	Neutral	Oncogene	0.39376567117456074	0.5214850062864816	0.0847493225389578
TCGA-AZ-6599-01A;PLCB1	PLCB1	TCGA-AZ-6599-01A	Neutral	Oncogene	0.40872462589022157	0.46684608419830775	0.12442928991147079
TCGA-AZ-6599-01A;NCKAP5	NCKAP5	TCGA-AZ-6599-01A	Neutral	Neutral	0.8830753169825242	0.05911891841619557	0.05780576460128046
TCGA-AZ-6599-01A;SYNE1	SYNE1	TCGA-AZ-6599-01A	Neutral	Neutral	0.7722188577766613	0.08894148853683896	0.13883965368649975
TCGA-AZ-6599-01A;HMCN1	HMCN1	TCGA-AZ-6599-01A	Neutral	Neutral	0.879161644846471	0.0603899153582569	0.06044843979527229
TCGA-AZ-6599-01A;RUNX1T1	RUNX1T1	TCGA-AZ-6599-01A	Neutral	Neutral	0.43490167998100304	0.22770628916387486	0.3373920308551221
TCGA-AZ-6599-01A;LAMA4	LAMA4	TCGA-AZ-6599-01A	Neutral	Oncogene	0.17994939660827536	0.4766106285327227	0.34343997485900196
TCGA-AZ-6599-01A;SDHD	SDHD	TCGA-AZ-6599-01A	Tumor suppressor	Neutral	0.4410957218065184	0.12461243991908737	0.4342918382743943
TCGA-AZ-6599-01A;GRIK3	GRIK3	TCGA-AZ-6599-01A	Neutral	Neutral	0.8731601730705115	0.05902988100315669	0.06780994592633201
TCGA-AZ-6599-01A;BRCA2	BRCA2	TCGA-AZ-6599-01A	Tumor suppressor	Tumor suppressor	0.12872497649170683	0.2787844677519581	0.5924905557563351
TCGA-AZ-6599-01A;PTPRC	PTPRC	TCGA-AZ-6599-01A	Tumor suppressor	Tumor suppressor	0.2363596459925931	0.20458337402011356	0.5590569799872934
TCGA-AZ-6599-01A;ABCA1	ABCA1	TCGA-AZ-6599-01A	Neutral	Tumor suppressor	0.1473013210723388	0.2601441005877423	0.5925545783399189
TCGA-AZ-6599-01A;TRPC4	TRPC4	TCGA-AZ-6599-01A	Neutral	Neutral	0.8480679482854773	0.09784067189616018	0.05409137981836274
TCGA-AZ-6599-01A;VPS13D	VPS13D	TCGA-AZ-6599-01A	Neutral	Neutral	0.4653054051554295	0.12792632260881448	0.40676827223575596
TCGA-AZ-6599-01A;PCLO	PCLO	TCGA-AZ-6599-01A	Neutral	Neutral	0.6255879913525595	0.08423166518242269	0.2901803434650179
TCGA-AZ-6599-01A;COL14A1	COL14A1	TCGA-AZ-6599-01A	Neutral	Neutral	0.46004785720427704	0.12109239674387176	0.4188597460518511
TCGA-AZ-6599-01A;RBM10	RBM10	TCGA-AZ-6599-01A	Tumor suppressor	Neutral	0.48273160171283025	0.11534468133343109	0.40192371695373874
TCGA-AZ-6599-01A;PHACTR4	PHACTR4	TCGA-AZ-6599-01A	Neutral	Neutral	0.4911863083512721	0.10657763287644573	0.4022360587722823
TCGA-AZ-6599-01A;BAP1	BAP1	TCGA-AZ-6599-01A	Tumor suppressor	Tumor suppressor	0.13724883494955964	0.2779822556252976	0.5847689094251429
TCGA-AZ-6599-01A;PIK3C2B	PIK3C2B	TCGA-AZ-6599-01A	Neutral	Tumor suppressor	0.1958944389553485	0.2074488759072382	0.5966566851374134
TCGA-AZ-6599-01A;VHL	VHL	TCGA-AZ-6599-01A	Tumor suppressor	Tumor suppressor	0.15585557325113325	0.35645171158686473	0.48769271516200213
TCGA-AZ-6599-01A;GNAS	GNAS	TCGA-AZ-6599-01A	Oncogene	Oncogene	0.0691728553115093	0.6454452681938534	0.28538187649463737
TCGA-AZ-6599-01A;KIAA1109	KIAA1109	TCGA-AZ-6599-01A	Neutral	Tumor suppressor	0.3232319571667956	0.1070415963461213	0.5697264464870831
TCGA-AZ-6599-01A;KRAS	KRAS	TCGA-AZ-6599-01A	Oncogene	Oncogene	0.0	0.9994266670290134	0.0005733329709865677
TCGA-CK-6746-01A;MGAM	MGAM	TCGA-CK-6746-01A	Neutral	Neutral	0.5298680778349731	0.10370481250276622	0.36642710966226066
TCGA-CK-6746-01A;LRP4	LRP4	TCGA-CK-6746-01A	Neutral	Neutral	0.5298680778349731	0.10370481250276622	0.36642710966226066
TCGA-CK-6746-01A;EPHA6	EPHA6	TCGA-CK-6746-01A	Neutral	Oncogene	0.39376567117456074	0.5214850062864816	0.0847493225389578
TCGA-CK-6746-01A;RYR3	RYR3	TCGA-CK-6746-01A	Neutral	Neutral	0.713897257830688	0.15492419674060293	0.13117854542870935
TCGA-CK-6746-01A;ZFHX4	ZFHX4	TCGA-CK-6746-01A	Neutral	Neutral	0.8952140653102912	0.04937029461654025	0.055415640073168584
TCGA-CK-6746-01A;CPXM2	CPXM2	TCGA-CK-6746-01A	Neutral	Neutral	0.7683912529235413	0.1054138337714047	0.12619491330505406
TCGA-CK-6746-01A;CACNA2D1	CACNA2D1	TCGA-CK-6746-01A	Neutral	Neutral	0.810189268203532	0.09304186052040221	0.09676887127606597
TCGA-CK-6746-01A;GRM8	GRM8	TCGA-CK-6746-01A	Neutral	Neutral	0.8471404768645812	0.10409377872023479	0.04876574441518413
TCGA-CK-6746-01A;SLCO5A1	SLCO5A1	TCGA-CK-6746-01A	Neutral	Neutral	0.8845881699797384	0.04392998875823107	0.07148184126203053
TCGA-CK-6746-01A;NCKAP5	NCKAP5	TCGA-CK-6746-01A	Neutral	Neutral	0.8830753169825242	0.05911891841619557	0.05780576460128046
TCGA-CK-6746-01A;ADAM19	ADAM19	TCGA-CK-6746-01A	Neutral	Neutral	0.7714160988786197	0.08725020824963962	0.1413336928717406
TCGA-CK-6746-01A;NOVA1	NOVA1	TCGA-CK-6746-01A	Neutral	Neutral	0.8952140653102912	0.04937029461654025	0.055415640073168584
TCGA-CK-6746-01A;COL12A1	COL12A1	TCGA-CK-6746-01A	Neutral	Neutral	0.7757416802739686	0.09105485941243031	0.13320346031360106
TCGA-CK-6746-01A;DGKI	DGKI	TCGA-CK-6746-01A	Neutral	Neutral	0.6133715235989452	0.012141252122163534	0.37448722427889114
TCGA-CK-6746-01A;SYNE1	SYNE1	TCGA-CK-6746-01A	Neutral	Neutral	0.7722188577766613	0.08894148853683896	0.13883965368649975
TCGA-CK-6746-01A;HMCN1	HMCN1	TCGA-CK-6746-01A	Neutral	Neutral	0.879161644846471	0.0603899153582569	0.06044843979527229
TCGA-CK-6746-01A;CDH17	CDH17	TCGA-CK-6746-01A	Oncogene	Neutral	0.35726234584517336	0.3125745616236678	0.33016309253115883
TCGA-CK-6746-01A;NR4A2	NR4A2	TCGA-CK-6746-01A	Neutral	Neutral	0.5152504612504228	0.19918636109777707	0.28556317765179995
TCGA-CK-6746-01A;THSD7A	THSD7A	TCGA-CK-6746-01A	Neutral	Neutral	0.8415727184836578	0.10138479241360257	0.05704248910273991
TCGA-CK-6746-01A;ARAP3	ARAP3	TCGA-CK-6746-01A	Neutral	Neutral	0.5226523311241733	0.16384986538620544	0.3134978034896212
TCGA-CK-6746-01A;ZNF831	ZNF831	TCGA-CK-6746-01A	Neutral	Neutral	0.88025694726406	0.05300837562681261	0.06673467710912771
TCGA-CK-6746-01A;GRIN2A	GRIN2A	TCGA-CK-6746-01A	Tumor suppressor	Tumor suppressor	0.18426819433569508	0.37754704175493087	0.438184763909374
TCGA-CK-6746-01A;ERBB3	ERBB3	TCGA-CK-6746-01A	Oncogene	Oncogene	0.12339420796256101	0.5098038955719957	0.36680189646544326
TCGA-CK-6746-01A;TCF4	TCF4	TCGA-CK-6746-01A	Neutral	Oncogene	0.31487917923973774	0.479233198105036	0.2058876226552263
TCGA-CK-6746-01A;MYCBP2	MYCBP2	TCGA-CK-6746-01A	Neutral	Neutral	0.35891967966403837	0.3404182284602881	0.3006620918756736
TCGA-CK-6746-01A;GRID1	GRID1	TCGA-CK-6746-01A	Neutral	Neutral	0.8830753169825242	0.05911891841619557	0.05780576460128046
TCGA-CK-6746-01A;PDE10A	PDE10A	TCGA-CK-6746-01A	Neutral	Neutral	0.8442689225541724	0.10788883504021163	0.04784224240561623
TCGA-CK-6746-01A;RUNX1T1	RUNX1T1	TCGA-CK-6746-01A	Neutral	Neutral	0.43490167998100304	0.22770628916387486	0.3373920308551221
TCGA-CK-6746-01A;LAMA4	LAMA4	TCGA-CK-6746-01A	Neutral	Oncogene	0.17994939660827536	0.4766106285327227	0.34343997485900196
TCGA-CK-6746-01A;CACNB2	CACNB2	TCGA-CK-6746-01A	Neutral	Neutral	0.3929489824566468	0.2495232161569591	0.3575278013863943
TCGA-CK-6746-01A;CEP170	CEP170	TCGA-CK-6746-01A	Neutral	Neutral	0.8261261180601025	0.11443825387517538	0.059435628064722475
TCGA-CK-6746-01A;AR	AR	TCGA-CK-6746-01A	Oncogene	Oncogene	0.035523107813232126	0.908853163590806	0.05562372859596208
TCGA-CK-6746-01A;ATRX	ATRX	TCGA-CK-6746-01A	Tumor suppressor	Tumor suppressor	0.357649930411055	0.09807198037340398	0.544278089215541
TCGA-CK-6746-01A;EBF3	EBF3	TCGA-CK-6746-01A	Neutral	Neutral	0.875316310450091	0.04808089028132394	0.07660279926858533
TCGA-CK-6746-01A;SDHD	SDHD	TCGA-CK-6746-01A	Tumor suppressor	Neutral	0.4410957218065184	0.12461243991908737	0.4342918382743943
TCGA-CK-6746-01A;ATM	ATM	TCGA-CK-6746-01A	Tumor suppressor	Tumor suppressor	0.07856115504722413	0.14860150775293948	0.7728373371998366
TCGA-CK-6746-01A;THBS2	THBS2	TCGA-CK-6746-01A	Neutral	Tumor suppressor	0.3807697333563222	0.13534827988059436	0.4838819867630836
TCGA-CK-6746-01A;CD28	CD28	TCGA-CK-6746-01A	Oncogene	Oncogene	0.11607733722009318	0.6674385640558387	0.21648409872406824
TCGA-CK-6746-01A;RAG1	RAG1	TCGA-CK-6746-01A	Neutral	Neutral	0.8209408808736434	0.13988572092489446	0.03917339820146224
TCGA-CK-6746-01A;KMT2C	KMT2C	TCGA-CK-6746-01A	Tumor suppressor	Tumor suppressor	0.13684680596405238	0.28343360138099116	0.5797195926549565
TCGA-CK-6746-01A;PTPN11	PTPN11	TCGA-CK-6746-01A	Oncogene	Oncogene	0.04341050172884968	0.7500348667942816	0.2065546314768688
TCGA-CK-6746-01A;SLIT3	SLIT3	TCGA-CK-6746-01A	Neutral	Neutral	0.47934452090601626	0.11571184369805866	0.40494363539592504
TCGA-CK-6746-01A;PDZD2	PDZD2	TCGA-CK-6746-01A	Neutral	Neutral	0.88025694726406	0.05300837562681261	0.06673467710912771
TCGA-CK-6746-01A;ROBO1	ROBO1	TCGA-CK-6746-01A	Neutral	Tumor suppressor	0.15109424155629958	0.2521696021103231	0.5967361563333774
TCGA-CK-6746-01A;SALL2	SALL2	TCGA-CK-6746-01A	Neutral	Neutral	0.8731601730705115	0.05902988100315669	0.06780994592633201
TCGA-CK-6746-01A;KDM5C	KDM5C	TCGA-CK-6746-01A	Tumor suppressor	Tumor suppressor	0.4308121477027196	0.12191581070560421	0.4472720415916763
TCGA-CK-6746-01A;EXT2	EXT2	TCGA-CK-6746-01A	Tumor suppressor	Tumor suppressor	0.3870842829431774	0.11003310248611005	0.5028826145707125
TCGA-CK-6746-01A;CHD7	CHD7	TCGA-CK-6746-01A	Neutral	Neutral	0.49766560355804346	0.09784278346489904	0.4044916129770575
TCGA-CK-6746-01A;NTRK2	NTRK2	TCGA-CK-6746-01A	Neutral	Oncogene	0.1664776514073035	0.457432194898824	0.3760901536938723
TCGA-CK-6746-01A;TSC1	TSC1	TCGA-CK-6746-01A	Tumor suppressor	Oncogene	0.1200253052709653	0.4607433221805811	0.4192313725484535
TCGA-CK-6746-01A;LRFN5	LRFN5	TCGA-CK-6746-01A	Neutral	Neutral	0.8310500564642651	0.10592965120952513	0.06302029232621
TCGA-CK-6746-01A;TBC1D22A	TBC1D22A	TCGA-CK-6746-01A	Neutral	Neutral	0.5235862466475625	0.1006690471236532	0.3757447062287843
TCGA-CK-6746-01A;BRWD3	BRWD3	TCGA-CK-6746-01A	Neutral	Neutral	0.5118474198433602	0.09149718339245683	0.396655396764183
TCGA-CK-6746-01A;SCN9A	SCN9A	TCGA-CK-6746-01A	Neutral	Neutral	0.6400190052980332	0.08201341273181609	0.2779675819701509
TCGA-CK-6746-01A;SETD1B	SETD1B	TCGA-CK-6746-01A	Tumor suppressor	Tumor suppressor	0.22294910307480298	0.12219683343892401	0.6548540634862731
TCGA-CK-6746-01A;EP400	EP400	TCGA-CK-6746-01A	Neutral	Tumor suppressor	0.11797522349163543	0.2637265939963172	0.6182981825120474
TCGA-CK-6746-01A;PLEKHA7	PLEKHA7	TCGA-CK-6746-01A	Neutral	Tumor suppressor	0.21078301367517366	0.20320916417638418	0.5860078221484423
TCGA-CK-6746-01A;IDH2	IDH2	TCGA-CK-6746-01A	Oncogene	Oncogene	0.28846673358409414	0.42726813917338646	0.2842651272425196
TCGA-CK-6746-01A;BRCA2	BRCA2	TCGA-CK-6746-01A	Tumor suppressor	Tumor suppressor	0.12872497649170683	0.2787844677519581	0.5924905557563351
TCGA-CK-6746-01A;NPR3	NPR3	TCGA-CK-6746-01A	Neutral	Neutral	0.8229726262578761	0.12810986251930365	0.04891751122282054
TCGA-CK-6746-01A;SRGAP3	SRGAP3	TCGA-CK-6746-01A	Neutral	Neutral	0.5339320842942369	0.3346471457470932	0.13142076995867
TCGA-CK-6746-01A;SLC4A4	SLC4A4	TCGA-CK-6746-01A	Neutral	Tumor suppressor	0.3878861299504749	0.21352923829951295	0.3985846317500121
TCGA-CK-6746-01A;PARD3B	PARD3B	TCGA-CK-6746-01A	Neutral	Neutral	0.492485784874559	0.09739813230210836	0.41011608282333256
TCGA-CK-6746-01A;ARID1B	ARID1B	TCGA-CK-6746-01A	Tumor suppressor	Tumor suppressor	0.222357198415004	0.14323720720494923	0.6344055943800467
TCGA-CK-6746-01A;HERC2	HERC2	TCGA-CK-6746-01A	Neutral	Tumor suppressor	0.2062174281555845	0.21828371448827333	0.5754988573561423
TCGA-CK-6746-01A;SPEN	SPEN	TCGA-CK-6746-01A	Tumor suppressor	Tumor suppressor	0.2324158396605129	0.14280301042107998	0.6247811499184072
TCGA-CK-6746-01A;DNAH3	DNAH3	TCGA-CK-6746-01A	Neutral	Neutral	0.8401244455295829	0.11855853924767848	0.04131701522273883
TCGA-CK-6746-01A;CASZ1	CASZ1	TCGA-CK-6746-01A	Neutral	Neutral	0.5153187639505735	0.09866183455524752	0.38601940149417907
TCGA-CK-6746-01A;PBRM1	PBRM1	TCGA-CK-6746-01A	Tumor suppressor	Tumor suppressor	0.22469368343075377	0.12943965337425417	0.6458666631949922
TCGA-CK-6746-01A;ACACA	ACACA	TCGA-CK-6746-01A	Neutral	Tumor suppressor	0.24877069144127156	0.17050447665464535	0.5807248319040832
TCGA-CK-6746-01A;NCAM1	NCAM1	TCGA-CK-6746-01A	Neutral	Tumor suppressor	0.21431354124670515	0.19852655283481815	0.5871599059184767
TCGA-CK-6746-01A;ADAMTSL1	ADAMTSL1	TCGA-CK-6746-01A	Neutral	Neutral	0.6287405792633666	0.09582957381990752	0.27542984691672595
TCGA-CK-6746-01A;ANKRD11	ANKRD11	TCGA-CK-6746-01A	Neutral	Neutral	0.4653054051554295	0.12792632260881448	0.40676827223575596
TCGA-CK-6746-01A;HNF1A	HNF1A	TCGA-CK-6746-01A	Tumor suppressor	Tumor suppressor	0.14212614442112684	0.21247656717660005	0.6453972884022732
TCGA-CK-6746-01A;RYR2	RYR2	TCGA-CK-6746-01A	Neutral	Tumor suppressor	0.32683914562369515	0.22153278462373646	0.4516280697525685
TCGA-CK-6746-01A;TRRAP	TRRAP	TCGA-CK-6746-01A	Oncogene	Oncogene	0.07023962694949104	0.7055145101180643	0.22424586293244456
