	genes	Tumor_Sample_Barcode	Label	Predicted label	Probability_Neutral	Probability_Oncogene	Probability_Tumor suppressor
TCGA-55-7995-01A;MUC16	MUC16	TCGA-55-7995-01A	Oncogene	Oncogene	0.3039111849141377	0.3860582290372371	0.31003058604862527
TCGA-55-7995-01A;WNK2	WNK2	TCGA-55-7995-01A	Tumor suppressor	Neutral	0.34388809441415213	0.32033152390828973	0.3357803816775581
TCGA-55-7995-01A;DPP6	DPP6	TCGA-55-7995-01A	Neutral	Neutral	0.344359442925808	0.32811338566926523	0.3275271714049268
TCGA-55-7995-01A;PTPRZ1	PTPRZ1	TCGA-55-7995-01A	Neutral	Neutral	0.35102759796140354	0.31442128286361354	0.33455111917498304
TCGA-55-7995-01A;RYR3	RYR3	TCGA-55-7995-01A	Neutral	Neutral	0.34774645198143495	0.31742964684781727	0.3348239011707478
TCGA-55-7995-01A;ANO3	ANO3	TCGA-55-7995-01A	Neutral	Neutral	0.3478471862057412	0.32564381782657403	0.32650899596768485
TCGA-55-7995-01A;CYSLTR2	CYSLTR2	TCGA-55-7995-01A	Oncogene	Neutral	0.3399918688382508	0.33757051625496326	0.32243761490678596
TCGA-55-7995-01A;UNC45B	UNC45B	TCGA-55-7995-01A	Neutral	Neutral	0.34771197673171816	0.3157195101378002	0.3365685131304817
TCGA-55-7995-01A;COL12A1	COL12A1	TCGA-55-7995-01A	Neutral	Neutral	0.33562992878384135	0.3354046058744279	0.3289654653417308
TCGA-55-7995-01A;GRIN3A	GRIN3A	TCGA-55-7995-01A	Neutral	Neutral	0.3470529838080657	0.32613876246162515	0.3268082537303091
TCGA-55-7995-01A;NLGN1	NLGN1	TCGA-55-7995-01A	Neutral	Neutral	0.35049721154904384	0.31056211245859244	0.3389406759923637
TCGA-55-7995-01A;MME	MME	TCGA-55-7995-01A	Neutral	Neutral	0.33809062601214723	0.32900743909605223	0.33290193489180053
TCGA-55-7995-01A;EGFLAM	EGFLAM	TCGA-55-7995-01A	Neutral	Neutral	0.35192872150671883	0.3138575683014575	0.33421371019182367
TCGA-55-7995-01A;NPAS3	NPAS3	TCGA-55-7995-01A	Neutral	Neutral	0.3457820207652913	0.31493183511879186	0.3392861441159168
TCGA-55-7995-01A;PKHD1L1	PKHD1L1	TCGA-55-7995-01A	Neutral	Neutral	0.3458914339316618	0.31837855577339075	0.3357300102949474
TCGA-55-7995-01A;ADAMTSL3	ADAMTSL3	TCGA-55-7995-01A	Neutral	Neutral	0.3409543191519561	0.32052445676516594	0.33852122408287794
TCGA-55-7995-01A;LINGO1	LINGO1	TCGA-55-7995-01A	Neutral	Neutral	0.3434782364347518	0.31873052307391087	0.3377912404913374
TCGA-55-7995-01A;NALCN	NALCN	TCGA-55-7995-01A	Neutral	Neutral	0.3484257999492557	0.31901388272463	0.3325603173261143
TCGA-55-7995-01A;ADAMTS12	ADAMTS12	TCGA-55-7995-01A	Neutral	Neutral	0.3478268985648093	0.3168499770647023	0.33532312437048845
TCGA-55-7995-01A;ASTN2	ASTN2	TCGA-55-7995-01A	Neutral	Neutral	0.3488110131872632	0.3180822448373405	0.33310674197539625
TCGA-55-7995-01A;DZIP3	DZIP3	TCGA-55-7995-01A	Neutral	Neutral	0.34443373334135163	0.3187615657596467	0.33680470089900166
TCGA-55-7995-01A;ITGA4	ITGA4	TCGA-55-7995-01A	Neutral	Oncogene	0.333099458638804	0.33382112886827403	0.333079412492922
TCGA-55-7995-01A;ITIH5	ITIH5	TCGA-55-7995-01A	Neutral	Neutral	0.3391749548837278	0.3255188557793954	0.33530618933687684
TCGA-55-7995-01A;PHEX	PHEX	TCGA-55-7995-01A	Neutral	Neutral	0.3459576597467547	0.32085818911725117	0.3331841511359942
TCGA-55-7995-01A;RUNX1T1	RUNX1T1	TCGA-55-7995-01A	Neutral	Neutral	0.3407143994107866	0.3234768340123225	0.3358087665768909
TCGA-55-7995-01A;CSMD2	CSMD2	TCGA-55-7995-01A	Neutral	Neutral	0.35017070017047036	0.31000225109137314	0.33982704873815645
TCGA-55-7995-01A;ZC3H12B	ZC3H12B	TCGA-55-7995-01A	Neutral	Neutral	0.35201612041581887	0.3137254055586333	0.33425847402554776
TCGA-55-7995-01A;ANKS1B	ANKS1B	TCGA-55-7995-01A	Neutral	Neutral	0.35201612041581887	0.3137254055586333	0.33425847402554776
TCGA-55-7995-01A;ROBO1	ROBO1	TCGA-55-7995-01A	Neutral	Tumor suppressor	0.32894168794555523	0.3349662483121332	0.33609206374231154
TCGA-55-7995-01A;CACNA2D1	CACNA2D1	TCGA-55-7995-01A	Neutral	Neutral	0.34734311410087604	0.31537575406498314	0.33728113183414093
TCGA-55-7995-01A;CUBN	CUBN	TCGA-55-7995-01A	Neutral	Neutral	0.354401987559631	0.3135686313605263	0.3320293810798426
TCGA-55-7995-01A;SYNE1	SYNE1	TCGA-55-7995-01A	Neutral	Neutral	0.33963188274547546	0.32595726677071046	0.3344108504838141
TCGA-55-7995-01A;PROX1	PROX1	TCGA-55-7995-01A	Neutral	Neutral	0.3487361105853921	0.3179610597900001	0.3333028296246078
TCGA-55-7995-01A;PCDHGA3	PCDHGA3	TCGA-55-7995-01A	Neutral	Neutral	0.3501681492037091	0.31239418761082155	0.33743766318546936
TCGA-55-7995-01A;WSCD2	WSCD2	TCGA-55-7995-01A	Neutral	Neutral	0.3501660463472224	0.31025257331985967	0.33958138033291785
TCGA-55-7995-01A;MADD	MADD	TCGA-55-7995-01A	Neutral	Tumor suppressor	0.3340301553435375	0.3309659133608351	0.3350039312956274
TCGA-55-7995-01A;RARG	RARG	TCGA-55-7995-01A	Neutral	Oncogene	0.32865222139021477	0.33922472188730746	0.3321230567224777
TCGA-55-7995-01A;RYR2	RYR2	TCGA-55-7995-01A	Neutral	Neutral	0.33995386607684114	0.3293440044118364	0.3307021295113225
TCGA-55-7995-01A;OGT	OGT	TCGA-55-7995-01A	Neutral	Neutral	0.3414848755711876	0.32651872326264586	0.3319964011661666
TCGA-55-7995-01A;STAG1	STAG1	TCGA-55-7995-01A	Tumor suppressor	Tumor suppressor	0.33333975479150124	0.3244660821636984	0.34219416304480044
TCGA-55-7995-01A;ATP1A2	ATP1A2	TCGA-55-7995-01A	Neutral	Neutral	0.33912629944985156	0.3255915226336993	0.3352821779164491
TCGA-55-7995-01A;POLR3B	POLR3B	TCGA-55-7995-01A	Neutral	Neutral	0.34021812055047046	0.32249557617983277	0.33728630326969683
TCGA-55-7995-01A;HERC2	HERC2	TCGA-55-7995-01A	Neutral	Tumor suppressor	0.3332789591329708	0.32665846987929675	0.34006257098773246
TCGA-55-7995-01A;BIRC6	BIRC6	TCGA-55-7995-01A	Neutral	Tumor suppressor	0.3377752779845151	0.3225566174004705	0.3396681046150144
TCGA-55-7995-01A;KEAP1	KEAP1	TCGA-55-7995-01A	Tumor suppressor	Tumor suppressor	0.325394447152677	0.33352887581287194	0.341076677034451
TCGA-55-7995-01A;FZD10	FZD10	TCGA-55-7995-01A	Neutral	Neutral	0.3497800291213119	0.3125513184827396	0.33766865239594857
TCGA-55-7995-01A;BRWD3	BRWD3	TCGA-55-7995-01A	Neutral	Neutral	0.3446066730945569	0.3153619958714978	0.3400313310339452
TCGA-55-7995-01A;PLCB1	PLCB1	TCGA-55-7995-01A	Neutral	Tumor suppressor	0.3352130280681175	0.32669469306329335	0.33809227886858917
TCGA-55-7995-01A;PTPN11	PTPN11	TCGA-55-7995-01A	Oncogene	Tumor suppressor	0.19991188758060333	0.39260244972812763	0.4074856626912691
TCGA-55-7995-01A;ATP11C	ATP11C	TCGA-55-7995-01A	Neutral	Neutral	0.3433754849465383	0.31598121615701646	0.3406432988964453
TCGA-55-7995-01A;FBXW7	FBXW7	TCGA-55-7995-01A	Tumor suppressor	Tumor suppressor	0.3330658986605164	0.3280549860439771	0.33887911529550657
TCGA-55-7995-01A;SLIT3	SLIT3	TCGA-55-7995-01A	Neutral	Neutral	0.33550679077248713	0.32918594269220536	0.33530726653530757
TCGA-55-7995-01A;MXRA5	MXRA5	TCGA-55-7995-01A	Neutral	Tumor suppressor	0.33548488096713214	0.3279962935746618	0.336518825458206
TCGA-55-7995-01A;CAMTA1	CAMTA1	TCGA-55-7995-01A	Neutral	Tumor suppressor	0.3381150785785028	0.32270107153355543	0.33918384988794176
TCGA-55-7995-01A;SPEF2	SPEF2	TCGA-55-7995-01A	Neutral	Neutral	0.3448694701523612	0.31540405665859705	0.33972647318904176
TCGA-55-7995-01A;PLEC	PLEC	TCGA-55-7995-01A	Neutral	Oncogene	0.3296841877698918	0.33851558271328985	0.3318002295168184
TCGA-55-7995-01A;EP400	EP400	TCGA-55-7995-01A	Neutral	Tumor suppressor	0.32632112411377495	0.3317677008825002	0.3419111750037248
TCGA-55-7995-01A;PIK3CA	PIK3CA	TCGA-55-7995-01A	Oncogene	Tumor suppressor	0.20187243731961826	0.39247508098839695	0.40565248169198476
TCGA-55-7995-01A;PCLO	PCLO	TCGA-55-7995-01A	Neutral	Neutral	0.3428893968741111	0.3233267285928242	0.33378387453306474
TCGA-55-7995-01A;ZFHX4	ZFHX4	TCGA-55-7995-01A	Neutral	Neutral	0.3501051608433169	0.3104181308009978	0.33947670835568533
TCGA-55-7995-01A;MED12	MED12	TCGA-55-7995-01A	Tumor suppressor	Tumor suppressor	0.3287034642303022	0.32750708390971356	0.3437894518599842
TCGA-55-7995-01A;IGSF9B	IGSF9B	TCGA-55-7995-01A	Neutral	Neutral	0.3480598415628958	0.3162325951877693	0.3357075632493348
TCGA-55-7995-01A;PCDH17	PCDH17	TCGA-55-7995-01A	Neutral	Neutral	0.336061998929739	0.3281469575034535	0.33579104356680756
TCGA-55-7995-01A;SEMA6D	SEMA6D	TCGA-55-7995-01A	Neutral	Neutral	0.34187010415148417	0.31775870451147004	0.3403711913370458
TCGA-55-7995-01A;SDHD	SDHD	TCGA-55-7995-01A	Tumor suppressor	Tumor suppressor	0.3342187606638659	0.33059210958981605	0.335189129746318
TCGA-44-5644-01A;MUC16	MUC16	TCGA-44-5644-01A	Oncogene	Oncogene	0.3040534021927014	0.3850397064782234	0.31090689132907523
TCGA-44-5644-01A;DNAH3	DNAH3	TCGA-44-5644-01A	Neutral	Oncogene	0.33639166301767	0.33876974996172216	0.3248385870206078
TCGA-44-5644-01A;DPP6	DPP6	TCGA-44-5644-01A	Neutral	Neutral	0.344359442925808	0.32811338566926523	0.3275271714049268
TCGA-44-5644-01A;CR2	CR2	TCGA-44-5644-01A	Neutral	Neutral	0.3416589086162262	0.33089082707943107	0.3274502643043427
TCGA-44-5644-01A;BRINP1	BRINP1	TCGA-44-5644-01A	Neutral	Neutral	0.34601002583294727	0.3274924685899704	0.3264975055770824
TCGA-44-5644-01A;CDH10	CDH10	TCGA-44-5644-01A	Tumor suppressor	Tumor suppressor	0.29884022666446786	0.2352678142357873	0.4658919590997449
TCGA-44-5644-01A;PTPRZ1	PTPRZ1	TCGA-44-5644-01A	Neutral	Neutral	0.35102759796140354	0.31442128286361354	0.33455111917498304
TCGA-44-5644-01A;RYR3	RYR3	TCGA-44-5644-01A	Neutral	Neutral	0.34774645198143495	0.31742964684781727	0.3348239011707478
TCGA-44-5644-01A;CPS1	CPS1	TCGA-44-5644-01A	Neutral	Neutral	0.3490670794383279	0.3234359860480569	0.3274969345136152
TCGA-44-5644-01A;ACSM5	ACSM5	TCGA-44-5644-01A	Neutral	Neutral	0.3478471862057412	0.32564381782657403	0.32650899596768485
TCGA-44-5644-01A;NRG3	NRG3	TCGA-44-5644-01A	Neutral	Oncogene	0.33604257322139885	0.33772417656213677	0.3262332502164645
TCGA-44-5644-01A;CTNND2	CTNND2	TCGA-44-5644-01A	Oncogene	Oncogene	0.33583038999082465	0.3384680837274848	0.3257015262816906
TCGA-44-5644-01A;MGAM	MGAM	TCGA-44-5644-01A	Neutral	Neutral	0.3430055220402263	0.3329913306366544	0.3240031473231194
TCGA-44-5644-01A;ROBO2	ROBO2	TCGA-44-5644-01A	Tumor suppressor	Tumor suppressor	0.3332498359173145	0.3311128487564554	0.3356373153262301
TCGA-44-5644-01A;CLCA2	CLCA2	TCGA-44-5644-01A	Neutral	Neutral	0.35120796558710116	0.3146390112811792	0.3341530231317197
TCGA-44-5644-01A;NRXN1	NRXN1	TCGA-44-5644-01A	Neutral	Neutral	0.35180117829811586	0.30794511400051433	0.34025370770136976
TCGA-44-5644-01A;GPR158	GPR158	TCGA-44-5644-01A	Neutral	Neutral	0.34495610939847576	0.32151268834383895	0.3335312022576852
TCGA-44-5644-01A;GRM8	GRM8	TCGA-44-5644-01A	Neutral	Neutral	0.3495871183917738	0.3102763892807404	0.34013649232748566
TCGA-44-5644-01A;MGAT5B	MGAT5B	TCGA-44-5644-01A	Neutral	Neutral	0.35053384548178224	0.3164699129602039	0.33299624155801383
TCGA-44-5644-01A;CPXM2	CPXM2	TCGA-44-5644-01A	Neutral	Neutral	0.34414739458360577	0.3189825793615651	0.3368700260548291
TCGA-44-5644-01A;NAALAD2	NAALAD2	TCGA-44-5644-01A	Neutral	Neutral	0.34898054993205163	0.317844972194327	0.33317447787362137
TCGA-44-5644-01A;FLNC	FLNC	TCGA-44-5644-01A	Neutral	Tumor suppressor	0.33566399745105646	0.32623620461490366	0.3380997979340399
TCGA-44-5644-01A;EPHB1	EPHB1	TCGA-44-5644-01A	Neutral	Neutral	0.3399775561459534	0.3253150107885223	0.33470743306552425
TCGA-44-5644-01A;PKHD1L1	PKHD1L1	TCGA-44-5644-01A	Neutral	Neutral	0.3458914339316618	0.31837855577339075	0.3357300102949474
TCGA-44-5644-01A;ADAMTSL3	ADAMTSL3	TCGA-44-5644-01A	Neutral	Neutral	0.3409543191519561	0.32052445676516594	0.33852122408287794
TCGA-44-5644-01A;RIMBP2	RIMBP2	TCGA-44-5644-01A	Neutral	Neutral	0.352296875714795	0.31375710963177095	0.333946014653434
TCGA-44-5644-01A;TG	TG	TCGA-44-5644-01A	Neutral	Neutral	0.35273103623835145	0.3161568572690134	0.3311121064926352
TCGA-44-5644-01A;BRINP3	BRINP3	TCGA-44-5644-01A	Neutral	Neutral	0.35201612041581887	0.3137254055586333	0.33425847402554776
TCGA-44-5644-01A;TMEM132B	TMEM132B	TCGA-44-5644-01A	Neutral	Tumor suppressor	0.3536149282506022	0.2834795791584209	0.36290549259097676
TCGA-44-5644-01A;ADAMTS12	ADAMTS12	TCGA-44-5644-01A	Neutral	Neutral	0.3478268985648093	0.3168499770647023	0.33532312437048845
TCGA-44-5644-01A;ASTN2	ASTN2	TCGA-44-5644-01A	Neutral	Neutral	0.3488110131872632	0.3180822448373405	0.33310674197539625
TCGA-44-5644-01A;SCN2A	SCN2A	TCGA-44-5644-01A	Neutral	Neutral	0.3485027587805704	0.3134447789453238	0.33805246227410574
TCGA-44-5644-01A;GRIK5	GRIK5	TCGA-44-5644-01A	Neutral	Neutral	0.3501660463472224	0.31025257331985967	0.33958138033291785
TCGA-44-5644-01A;DOCK2	DOCK2	TCGA-44-5644-01A	Neutral	Tumor suppressor	0.3360032860629978	0.32742001541777865	0.3365766985192236
TCGA-44-5644-01A;PTPRC	PTPRC	TCGA-44-5644-01A	Tumor suppressor	Tumor suppressor	0.3344417408660315	0.32668338669949387	0.3388748724344747
TCGA-44-5644-01A;RUNX1T1	RUNX1T1	TCGA-44-5644-01A	Neutral	Neutral	0.3407143994107866	0.3234768340123225	0.3358087665768909
TCGA-44-5644-01A;CSMD2	CSMD2	TCGA-44-5644-01A	Neutral	Neutral	0.35017070017047036	0.31000225109137314	0.33982704873815645
TCGA-44-5644-01A;NRCAM	NRCAM	TCGA-44-5644-01A	Neutral	Neutral	0.3471831506824186	0.31888222114175496	0.33393462817582636
TCGA-44-5644-01A;SEMA3D	SEMA3D	TCGA-44-5644-01A	Neutral	Neutral	0.3464060578742461	0.32034294751387116	0.33325099461188273
TCGA-44-5644-01A;RASAL2	RASAL2	TCGA-44-5644-01A	Neutral	Neutral	0.33663714490015717	0.32765545594902257	0.33570739915082026
TCGA-44-5644-01A;DLG2	DLG2	TCGA-44-5644-01A	Neutral	Neutral	0.3416340815009661	0.32520574970262894	0.33316016879640503
TCGA-44-5644-01A;PCDH10	PCDH10	TCGA-44-5644-01A	Neutral	Neutral	0.3520070232080961	0.3139795084680956	0.33401346832380824
TCGA-44-5644-01A;ASXL3	ASXL3	TCGA-44-5644-01A	Neutral	Neutral	0.3515112674725732	0.3131573671758585	0.33533136535156827
TCGA-44-5644-01A;ROBO1	ROBO1	TCGA-44-5644-01A	Neutral	Tumor suppressor	0.32894168794555523	0.3349662483121332	0.33609206374231154
TCGA-44-5644-01A;CACNA2D1	CACNA2D1	TCGA-44-5644-01A	Neutral	Neutral	0.34734311410087604	0.31537575406498314	0.33728113183414093
TCGA-44-5644-01A;TRPS1	TRPS1	TCGA-44-5644-01A	Neutral	Neutral	0.3459015017692828	0.3181202357460501	0.3359782624846671
TCGA-44-5644-01A;UBC	UBC	TCGA-44-5644-01A	Neutral	Tumor suppressor	0.28171757064218944	0.357441422402222	0.3608410069555886
TCGA-44-5644-01A;PROX1	PROX1	TCGA-44-5644-01A	Neutral	Neutral	0.3487361105853921	0.3179610597900001	0.3333028296246078
TCGA-44-5644-01A;LAMA2	LAMA2	TCGA-44-5644-01A	Neutral	Tumor suppressor	0.3308774932161459	0.33098294370350273	0.33813956308035137
TCGA-44-5644-01A;MDM2	MDM2	TCGA-44-5644-01A	Oncogene	Tumor suppressor	0.2016112454397291	0.3982333799279759	0.40015537463229495
TCGA-44-5644-01A;ST6GAL2	ST6GAL2	TCGA-44-5644-01A	Neutral	Neutral	0.3534193932946633	0.3123965807307217	0.33418402597461505
TCGA-44-5644-01A;ADCY1	ADCY1	TCGA-44-5644-01A	Neutral	Neutral	0.3393859109436854	0.33167975772474695	0.3289343313315677
TCGA-44-5644-01A;SPEG	SPEG	TCGA-44-5644-01A	Neutral	Neutral	0.3459450304221626	0.32111771592665905	0.33293725365117827
TCGA-44-5644-01A;HECTD4	HECTD4	TCGA-44-5644-01A	Neutral	Neutral	0.3383491619831263	0.3265308609572111	0.33511997705966257
TCGA-44-5644-01A;SULF1	SULF1	TCGA-44-5644-01A	Neutral	Neutral	0.33818241843434593	0.32731815440427525	0.33449942716137887
TCGA-44-5644-01A;PHACTR4	PHACTR4	TCGA-44-5644-01A	Neutral	Neutral	0.3368364126878805	0.3283376164602704	0.3348259708518492
TCGA-44-5644-01A;GLDC	GLDC	TCGA-44-5644-01A	Neutral	Neutral	0.3474881191742332	0.31245015340790133	0.34006172741786556
TCGA-44-5644-01A;PDE10A	PDE10A	TCGA-44-5644-01A	Neutral	Neutral	0.34975092681604086	0.3171135072629713	0.3331355659209879
TCGA-44-5644-01A;GLI2	GLI2	TCGA-44-5644-01A	Neutral	Tumor suppressor	0.3320238533562997	0.3322674047142241	0.3357087419294762
TCGA-44-5644-01A;KCNT2	KCNT2	TCGA-44-5644-01A	Neutral	Neutral	0.34505963873694356	0.3197140703017861	0.3352262909612703
TCGA-44-5644-01A;HDX	HDX	TCGA-44-5644-01A	Neutral	Neutral	0.35117160787138285	0.31530765777387815	0.333520734354739
TCGA-44-5644-01A;THSD7B	THSD7B	TCGA-44-5644-01A	Neutral	Neutral	0.3513861121137961	0.3067403212809444	0.34187356660525947
TCGA-44-5644-01A;ANK1	ANK1	TCGA-44-5644-01A	Neutral	Neutral	0.3490709048442429	0.317421777623134	0.3335073175326231
TCGA-44-5644-01A;LRFN5	LRFN5	TCGA-44-5644-01A	Neutral	Neutral	0.34875594814978833	0.312227500265485	0.33901655158472666
TCGA-44-5644-01A;AMPH	AMPH	TCGA-44-5644-01A	Neutral	Neutral	0.34632416516063386	0.31347550447477157	0.3402003303645945
TCGA-44-5644-01A;SCN1A	SCN1A	TCGA-44-5644-01A	Neutral	Neutral	0.34183941958021125	0.3165494250922329	0.3416111553275559
TCGA-44-5644-01A;BCL9	BCL9	TCGA-44-5644-01A	Neutral	Tumor suppressor	0.33490837749530805	0.3231208929420987	0.3419707295625932
TCGA-44-5644-01A;TCF20	TCF20	TCGA-44-5644-01A	Neutral	Tumor suppressor	0.3378536758097811	0.32232861165417076	0.3398177125360481
TCGA-44-5644-01A;MAGI2	MAGI2	TCGA-44-5644-01A	Neutral	Neutral	0.33992769938577777	0.32028508448428933	0.33978721612993285
TCGA-44-5644-01A;HMCN1	HMCN1	TCGA-44-5644-01A	Neutral	Tumor suppressor	0.3382750074073265	0.321918920879846	0.3398060717128274
TCGA-44-5644-01A;HERC2	HERC2	TCGA-44-5644-01A	Neutral	Tumor suppressor	0.3332789591329708	0.32665846987929675	0.34006257098773246
TCGA-44-5644-01A;WRN	WRN	TCGA-44-5644-01A	Tumor suppressor	Tumor suppressor	0.33629642533876447	0.3224716506122318	0.3412319240490037
TCGA-44-5644-01A;FZD10	FZD10	TCGA-44-5644-01A	Neutral	Neutral	0.3497800291213119	0.3125513184827396	0.33766865239594857
TCGA-44-5644-01A;SLC8A1	SLC8A1	TCGA-44-5644-01A	Neutral	Tumor suppressor	0.33395503695828177	0.3270513987119392	0.33899356432977895
TCGA-44-5644-01A;SMARCD1	SMARCD1	TCGA-44-5644-01A	Tumor suppressor	Tumor suppressor	0.32507549750684994	0.3348144526232982	0.34011004986985194
TCGA-44-5644-01A;BRWD3	BRWD3	TCGA-44-5644-01A	Neutral	Neutral	0.3446066730945569	0.3153619958714978	0.3400313310339452
TCGA-44-5644-01A;WDFY3	WDFY3	TCGA-44-5644-01A	Neutral	Tumor suppressor	0.3367736107084342	0.32371085636201213	0.33951553292955355
TCGA-44-5644-01A;RALGAPB	RALGAPB	TCGA-44-5644-01A	Neutral	Tumor suppressor	0.33693260402992325	0.3242737568919273	0.3387936390781495
TCGA-44-5644-01A;BICC1	BICC1	TCGA-44-5644-01A	Neutral	Neutral	0.3446066730945569	0.3153619958714978	0.3400313310339452
TCGA-44-5644-01A;UBR5	UBR5	TCGA-44-5644-01A	Oncogene	Oncogene	0.3290988859855608	0.3361909003915186	0.3347102136229205
TCGA-44-5644-01A;MXRA5	MXRA5	TCGA-44-5644-01A	Neutral	Tumor suppressor	0.33548488096713214	0.3279962935746618	0.336518825458206
TCGA-44-5644-01A;ZNF91	ZNF91	TCGA-44-5644-01A	Neutral	Neutral	0.3446066730945569	0.3153619958714978	0.3400313310339452
TCGA-44-5644-01A;FBXL7	FBXL7	TCGA-44-5644-01A	Neutral	Tumor suppressor	0.34073200378112434	0.31066925388998123	0.3485987423288944
TCGA-44-5644-01A;ZNF423	ZNF423	TCGA-44-5644-01A	Neutral	Neutral	0.3452444771209836	0.3148260171652072	0.33992950571380925
TCGA-44-5644-01A;INPP4B	INPP4B	TCGA-44-5644-01A	Neutral	Tumor suppressor	0.3375219226292864	0.31881408816724977	0.34366398920346386
TCGA-44-5644-01A;ERCC5	ERCC5	TCGA-44-5644-01A	Tumor suppressor	Tumor suppressor	0.33560731023068674	0.323121549654216	0.3412711401150972
TCGA-44-5644-01A;FHOD3	FHOD3	TCGA-44-5644-01A	Neutral	Neutral	0.34566154840662117	0.3207002620578603	0.3336381895355186
TCGA-44-5644-01A;POLE	POLE	TCGA-44-5644-01A	Tumor suppressor	Tumor suppressor	0.333205993785132	0.32135955358927254	0.3454344526255955
TCGA-44-5644-01A;ARHGAP5	ARHGAP5	TCGA-44-5644-01A	Oncogene	Oncogene	0.3267339778758115	0.33973966675310296	0.33352635537108555
TCGA-44-5644-01A;PTPRB	PTPRB	TCGA-44-5644-01A	Tumor suppressor	Tumor suppressor	0.3354644392202041	0.3227120779408642	0.3418234828389317
TCGA-44-5644-01A;ELMO1	ELMO1	TCGA-44-5644-01A	Neutral	Tumor suppressor	0.32813278543095176	0.32970487700675577	0.34216233756229253
TCGA-44-5644-01A;AUTS2	AUTS2	TCGA-44-5644-01A	Neutral	Tumor suppressor	0.3371169184601072	0.3226487154505612	0.34023436608933155
TCGA-44-5644-01A;FGFR4	FGFR4	TCGA-44-5644-01A	Oncogene	Oncogene	0.32577953089277356	0.339960660050468	0.33425980905675845
TCGA-44-5644-01A;PCLO	PCLO	TCGA-44-5644-01A	Neutral	Neutral	0.3428893968741111	0.3233267285928242	0.33378387453306474
TCGA-44-5644-01A;BCLAF1	BCLAF1	TCGA-44-5644-01A	Neutral	Neutral	0.3370485127161982	0.3279902231128868	0.33496126417091504
TCGA-44-5644-01A;PLXNA4	PLXNA4	TCGA-44-5644-01A	Neutral	Neutral	0.3398547532586658	0.3219260945305581	0.33821915221077614
TCGA-44-5644-01A;ADCY2	ADCY2	TCGA-44-5644-01A	Neutral	Neutral	0.3432526213153486	0.31950564743470206	0.3372417312499493
TCGA-44-5644-01A;TMTC2	TMTC2	TCGA-44-5644-01A	Neutral	Tumor suppressor	0.3378536758097811	0.32232861165417076	0.3398177125360481
TCGA-44-5644-01A;ZFHX4	ZFHX4	TCGA-44-5644-01A	Neutral	Neutral	0.35121851308537805	0.31102732657273335	0.33775416034188865
TCGA-44-5644-01A;FANCG	FANCG	TCGA-44-5644-01A	Tumor suppressor	Tumor suppressor	0.34065912652518415	0.316410836370728	0.34293003710408787
TCGA-44-5644-01A;SLC12A5	SLC12A5	TCGA-44-5644-01A	Neutral	Neutral	0.3493433380087615	0.3073036366947872	0.3433530252964513
TCGA-44-5644-01A;LRP2	LRP2	TCGA-44-5644-01A	Neutral	Tumor suppressor	0.3335125582749785	0.3204620703395847	0.3460253713854368
TCGA-44-5644-01A;TBC1D22A	TBC1D22A	TCGA-44-5644-01A	Neutral	Tumor suppressor	0.33548488096713214	0.3279962935746618	0.336518825458206
TCGA-44-5644-01A;PLEKHA7	PLEKHA7	TCGA-44-5644-01A	Neutral	Tumor suppressor	0.3313121920559675	0.3297946941323934	0.33889311381163906
TCGA-44-5644-01A;XPC	XPC	TCGA-44-5644-01A	Tumor suppressor	Tumor suppressor	0.33177073983855454	0.32383098909338376	0.3443982710680617
TCGA-44-5644-01A;TSC2	TSC2	TCGA-44-5644-01A	Tumor suppressor	Tumor suppressor	0.329065157270542	0.3302419320080049	0.34069291072145325
TCGA-44-5644-01A;WDR70	WDR70	TCGA-44-5644-01A	Neutral	Tumor suppressor	0.33736179133690014	0.3184310910841227	0.34420711757897715
TCGA-44-5644-01A;CDK4	CDK4	TCGA-44-5644-01A	Oncogene	Oncogene	0.31767225061942106	0.3437877064024138	0.33854004297816515
TCGA-97-A4LX-01A;MUC16	MUC16	TCGA-97-A4LX-01A	Oncogene	Oncogene	0.30401425674744137	0.3877601551270815	0.30822558812547723
TCGA-97-A4LX-01A;CDH10	CDH10	TCGA-97-A4LX-01A	Tumor suppressor	Tumor suppressor	0.29884022666446786	0.2352678142357873	0.4658919590997449
TCGA-97-A4LX-01A;ADAMTS8	ADAMTS8	TCGA-97-A4LX-01A	Neutral	Neutral	0.34110684787988715	0.3200075398990273	0.33888561222108554
TCGA-97-A4LX-01A;OCA2	OCA2	TCGA-97-A4LX-01A	Neutral	Neutral	0.3451657450207846	0.3229416984476877	0.33189255653152755
TCGA-97-A4LX-01A;KLHL4	KLHL4	TCGA-97-A4LX-01A	Neutral	Neutral	0.34669862317589795	0.3253064112069769	0.3279949656171251
TCGA-97-A4LX-01A;TRPC4	TRPC4	TCGA-97-A4LX-01A	Neutral	Neutral	0.35358207169103745	0.31153157141518906	0.33488635689377355
TCGA-97-A4LX-01A;BRINP3	BRINP3	TCGA-97-A4LX-01A	Neutral	Neutral	0.35201612041581887	0.3137254055586333	0.33425847402554776
TCGA-97-A4LX-01A;ADAMTS12	ADAMTS12	TCGA-97-A4LX-01A	Neutral	Neutral	0.3478268985648093	0.3168499770647023	0.33532312437048845
TCGA-97-A4LX-01A;FANCA	FANCA	TCGA-97-A4LX-01A	Tumor suppressor	Neutral	0.3441221586871135	0.3167022180238178	0.3391756232890687
TCGA-97-A4LX-01A;TRPC6	TRPC6	TCGA-97-A4LX-01A	Neutral	Neutral	0.3385919293032389	0.3263821706763347	0.3350259000204264
TCGA-97-A4LX-01A;ZFPM2	ZFPM2	TCGA-97-A4LX-01A	Neutral	Neutral	0.3458226106981176	0.31799849757144816	0.33617889173043425
TCGA-97-A4LX-01A;FAT4	FAT4	TCGA-97-A4LX-01A	Tumor suppressor	Neutral	0.33860855812435986	0.3251058544809084	0.33628558739473174
TCGA-97-A4LX-01A;ZNF521	ZNF521	TCGA-97-A4LX-01A	Neutral	Neutral	0.3431581262710588	0.31827438800831553	0.33856748572062567
TCGA-97-A4LX-01A;TRPS1	TRPS1	TCGA-97-A4LX-01A	Neutral	Neutral	0.3459015017692828	0.3181202357460501	0.3359782624846671
TCGA-97-A4LX-01A;COL21A1	COL21A1	TCGA-97-A4LX-01A	Neutral	Neutral	0.3458914339316618	0.31837855577339075	0.3357300102949474
TCGA-97-A4LX-01A;DICER1	DICER1	TCGA-97-A4LX-01A	Tumor suppressor	Tumor suppressor	0.3279993531494111	0.3294806520135526	0.34251999483703627
TCGA-97-A4LX-01A;SIPA1L1	SIPA1L1	TCGA-97-A4LX-01A	Neutral	Neutral	0.3365058788421182	0.32838140138535865	0.3351127197725231
TCGA-97-A4LX-01A;ANK1	ANK1	TCGA-97-A4LX-01A	Neutral	Neutral	0.34930764652428625	0.31770874534079424	0.3329836081349195
TCGA-97-A4LX-01A;PCDH18	PCDH18	TCGA-97-A4LX-01A	Neutral	Neutral	0.3427571047095017	0.32098782583147367	0.3362550694590246
TCGA-97-A4LX-01A;FIGN	FIGN	TCGA-97-A4LX-01A	Neutral	Neutral	0.3464036094834265	0.31721130293757527	0.3363850875789982
TCGA-97-A4LX-01A;KDR	KDR	TCGA-97-A4LX-01A	Oncogene	Tumor suppressor	0.22567380611806911	0.3838482950508385	0.3904778988310924
TCGA-97-A4LX-01A;FBXO11	FBXO11	TCGA-97-A4LX-01A	Tumor suppressor	Tumor suppressor	0.33530157869579946	0.3219750922514727	0.3427233290527278
TCGA-97-A4LX-01A;MXRA5	MXRA5	TCGA-97-A4LX-01A	Neutral	Tumor suppressor	0.33548488096713214	0.3279962935746618	0.336518825458206
TCGA-97-A4LX-01A;CPED1	CPED1	TCGA-97-A4LX-01A	Neutral	Tumor suppressor	0.33548488096713214	0.3279962935746618	0.336518825458206
TCGA-97-A4LX-01A;PLXNA4	PLXNA4	TCGA-97-A4LX-01A	Neutral	Neutral	0.3398547532586658	0.3219260945305581	0.33821915221077614
TCGA-97-A4LX-01A;ZFHX4	ZFHX4	TCGA-97-A4LX-01A	Neutral	Neutral	0.3504148395834764	0.31068113533268055	0.3389040250838431
TCGA-97-A4LX-01A;BAP1	BAP1	TCGA-97-A4LX-01A	Tumor suppressor	Tumor suppressor	0.32919418946373685	0.328267493754672	0.3425383167815911
TCGA-97-A4LX-01A;CBLB	CBLB	TCGA-97-A4LX-01A	Tumor suppressor	Tumor suppressor	0.32837311191077856	0.3315416979470028	0.3400851901422187
TCGA-97-A4LX-01A;SEMA3A	SEMA3A	TCGA-97-A4LX-01A	Neutral	Neutral	0.34099221076012587	0.3224562357388903	0.33655155350098387
TCGA-NJ-A4YP-01A;MUC16	MUC16	TCGA-NJ-A4YP-01A	Oncogene	Oncogene	0.3040534021927014	0.3850397064782234	0.31090689132907523
TCGA-NJ-A4YP-01A;MUC4	MUC4	TCGA-NJ-A4YP-01A	Oncogene	Oncogene	0.30516578056427124	0.3750001595611677	0.31983405987456104
TCGA-NJ-A4YP-01A;RYR3	RYR3	TCGA-NJ-A4YP-01A	Neutral	Neutral	0.34774645198143495	0.31742964684781727	0.3348239011707478
TCGA-NJ-A4YP-01A;DNAH11	DNAH11	TCGA-NJ-A4YP-01A	Neutral	Neutral	0.34530376002085866	0.318231657157024	0.33646458282211733
TCGA-NJ-A4YP-01A;NR4A2	NR4A2	TCGA-NJ-A4YP-01A	Neutral	Tumor suppressor	0.33534737890693905	0.3251284171156713	0.3395242039773896
TCGA-NJ-A4YP-01A;DNAH5	DNAH5	TCGA-NJ-A4YP-01A	Neutral	Neutral	0.340815756926259	0.3256360053691071	0.3335482377046339
TCGA-NJ-A4YP-01A;GRIN3A	GRIN3A	TCGA-NJ-A4YP-01A	Neutral	Neutral	0.3470529838080657	0.32613876246162515	0.3268082537303091
TCGA-NJ-A4YP-01A;NLRP3	NLRP3	TCGA-NJ-A4YP-01A	Neutral	Oncogene	0.3318786852888619	0.3406150560682015	0.3275062586429366
TCGA-NJ-A4YP-01A;MME	MME	TCGA-NJ-A4YP-01A	Neutral	Neutral	0.33809062601214723	0.32900743909605223	0.33290193489180053
TCGA-NJ-A4YP-01A;FMO1	FMO1	TCGA-NJ-A4YP-01A	Neutral	Neutral	0.34898054993205163	0.317844972194327	0.33317447787362137
TCGA-NJ-A4YP-01A;TRPC4	TRPC4	TCGA-NJ-A4YP-01A	Neutral	Neutral	0.35358207169103745	0.31153157141518906	0.33488635689377355
TCGA-NJ-A4YP-01A;TG	TG	TCGA-NJ-A4YP-01A	Neutral	Neutral	0.35273103623835145	0.3161568572690134	0.3311121064926352
TCGA-NJ-A4YP-01A;NALCN	NALCN	TCGA-NJ-A4YP-01A	Neutral	Neutral	0.3484257999492557	0.31901388272463	0.3325603173261143
TCGA-NJ-A4YP-01A;EPHA7	EPHA7	TCGA-NJ-A4YP-01A	Neutral	Neutral	0.3442322789258297	0.31711148293662184	0.33865623813754847
TCGA-NJ-A4YP-01A;ASXL3	ASXL3	TCGA-NJ-A4YP-01A	Neutral	Neutral	0.3515112674725732	0.3131573671758585	0.33533136535156827
TCGA-NJ-A4YP-01A;TRPS1	TRPS1	TCGA-NJ-A4YP-01A	Neutral	Neutral	0.3459015017692828	0.3181202357460501	0.3359782624846671
TCGA-NJ-A4YP-01A;GRIK4	GRIK4	TCGA-NJ-A4YP-01A	Neutral	Neutral	0.3492896247157379	0.31726697431138917	0.33344340097287295
TCGA-NJ-A4YP-01A;VANGL2	VANGL2	TCGA-NJ-A4YP-01A	Neutral	Neutral	0.34328295162829103	0.3215260531832359	0.33519099518847295
TCGA-NJ-A4YP-01A;HECTD4	HECTD4	TCGA-NJ-A4YP-01A	Neutral	Neutral	0.3383491619831263	0.3265308609572111	0.33511997705966257
TCGA-NJ-A4YP-01A;FREM2	FREM2	TCGA-NJ-A4YP-01A	Neutral	Neutral	0.3383134609038251	0.3267472520007435	0.3349392870954314
TCGA-NJ-A4YP-01A;ATM	ATM	TCGA-NJ-A4YP-01A	Tumor suppressor	Oncogene	0.31089576472141245	0.34613356825072705	0.3429706670278605
TCGA-NJ-A4YP-01A;SLC26A7	SLC26A7	TCGA-NJ-A4YP-01A	Neutral	Tumor suppressor	0.34957782631097123	0.29609643509110073	0.35432573859792804
TCGA-NJ-A4YP-01A;NCAM2	NCAM2	TCGA-NJ-A4YP-01A	Neutral	Neutral	0.34337096011366564	0.3217693954077848	0.33485964447854955
TCGA-NJ-A4YP-01A;ASXL2	ASXL2	TCGA-NJ-A4YP-01A	Tumor suppressor	Tumor suppressor	0.3317754598956707	0.3331203194089637	0.33510422069536555
TCGA-NJ-A4YP-01A;SIRPA	SIRPA	TCGA-NJ-A4YP-01A	Tumor suppressor	Tumor suppressor	0.33408337250667197	0.3269966416857161	0.33891998580761185
TCGA-NJ-A4YP-01A;KCNT2	KCNT2	TCGA-NJ-A4YP-01A	Neutral	Neutral	0.34505963873694356	0.3197140703017861	0.3352262909612703
TCGA-NJ-A4YP-01A;RYR2	RYR2	TCGA-NJ-A4YP-01A	Neutral	Neutral	0.33995386607684114	0.3293440044118364	0.3307021295113225
TCGA-NJ-A4YP-01A;PCDH18	PCDH18	TCGA-NJ-A4YP-01A	Neutral	Neutral	0.3427571047095017	0.32098782583147367	0.3362550694590246
TCGA-NJ-A4YP-01A;SCN1A	SCN1A	TCGA-NJ-A4YP-01A	Neutral	Neutral	0.34183941958021125	0.3165494250922329	0.3416111553275559
TCGA-NJ-A4YP-01A;CDH11	CDH11	TCGA-NJ-A4YP-01A	Neutral	Neutral	0.3367628762744966	0.32821453006831236	0.33502259365719106
TCGA-NJ-A4YP-01A;TCF20	TCF20	TCGA-NJ-A4YP-01A	Neutral	Tumor suppressor	0.3378536758097811	0.32232861165417076	0.3398177125360481
TCGA-NJ-A4YP-01A;HMCN1	HMCN1	TCGA-NJ-A4YP-01A	Neutral	Tumor suppressor	0.3382750074073265	0.321918920879846	0.3398060717128274
TCGA-NJ-A4YP-01A;BIRC6	BIRC6	TCGA-NJ-A4YP-01A	Neutral	Tumor suppressor	0.3377752779845151	0.3225566174004705	0.3396681046150144
TCGA-NJ-A4YP-01A;GNAQ	GNAQ	TCGA-NJ-A4YP-01A	Oncogene	Oncogene	0.28214304536367046	0.3599096322759741	0.3579473223603554
TCGA-NJ-A4YP-01A;SRGAP3	SRGAP3	TCGA-NJ-A4YP-01A	Neutral	Neutral	0.34101954472704826	0.3226807417580852	0.33629971351486665
TCGA-NJ-A4YP-01A;SRCAP	SRCAP	TCGA-NJ-A4YP-01A	Neutral	Tumor suppressor	0.33489306320391177	0.32391447791733186	0.3411924588787564
TCGA-NJ-A4YP-01A;POLG	POLG	TCGA-NJ-A4YP-01A	Tumor suppressor	Tumor suppressor	0.3340898079333204	0.3240051024806808	0.34190508958599886
TCGA-NJ-A4YP-01A;ZNF800	ZNF800	TCGA-NJ-A4YP-01A	Neutral	Neutral	0.34269768009038026	0.3163557599463331	0.3409465599632866
TCGA-NJ-A4YP-01A;FBXW7	FBXW7	TCGA-NJ-A4YP-01A	Tumor suppressor	Tumor suppressor	0.3330658986605164	0.3280549860439771	0.33887911529550657
TCGA-NJ-A4YP-01A;SACS	SACS	TCGA-NJ-A4YP-01A	Neutral	Neutral	0.34511948045796875	0.3153855811144243	0.33949493842760703
TCGA-NJ-A4YP-01A;ELMO1	ELMO1	TCGA-NJ-A4YP-01A	Neutral	Tumor suppressor	0.32813278543095176	0.32970487700675577	0.34216233756229253
TCGA-NJ-A4YP-01A;STK11	STK11	TCGA-NJ-A4YP-01A	Tumor suppressor	Tumor suppressor	0.32210489774088735	0.33772349242391997	0.34017160983519273
TCGA-NJ-A4YP-01A;EXOC4	EXOC4	TCGA-NJ-A4YP-01A	Neutral	Tumor suppressor	0.3290831785128373	0.3340975024520042	0.33681931903515855
TCGA-NJ-A4YP-01A;NF2	NF2	TCGA-NJ-A4YP-01A	Tumor suppressor	Tumor suppressor	0.33125685619115364	0.3300295907532879	0.33871355305555834
TCGA-NJ-A4YP-01A;CALR	CALR	TCGA-NJ-A4YP-01A	Oncogene	Tumor suppressor	0.33546849462266015	0.32879555938436145	0.3357359459929784
TCGA-NJ-A4YP-01A;PLCB4	PLCB4	TCGA-NJ-A4YP-01A	Neutral	Neutral	0.3409059664599582	0.3234092846597908	0.33568474888025096
TCGA-NJ-A4YP-01A;CUL3	CUL3	TCGA-NJ-A4YP-01A	Tumor suppressor	Tumor suppressor	0.3247311830412122	0.3334275412060529	0.3418412757527349
TCGA-NJ-A4YP-01A;NCOR1	NCOR1	TCGA-NJ-A4YP-01A	Tumor suppressor	Tumor suppressor	0.2653316584020541	0.3625795574387307	0.3720887841592152
TCGA-NJ-A4YP-01A;ATR	ATR	TCGA-NJ-A4YP-01A	Tumor suppressor	Tumor suppressor	0.32709478051677693	0.33132210178759547	0.34158311769562755
TCGA-NJ-A4YP-01A;KRAS	KRAS	TCGA-NJ-A4YP-01A	Oncogene	Oncogene	0.20221115146461285	0.4000310220875649	0.39775782644782226
TCGA-NJ-A4YP-01A;CDC73	CDC73	TCGA-NJ-A4YP-01A	Tumor suppressor	Tumor suppressor	0.32999461913974126	0.3326654554041516	0.33733992545610714
TCGA-NJ-A4YP-01A;PPP3CA	PPP3CA	TCGA-NJ-A4YP-01A	Neutral	Oncogene	0.3226693954504253	0.34368858592508217	0.33364201862449266
TCGA-NJ-A4YP-01A;NCOR2	NCOR2	TCGA-NJ-A4YP-01A	Tumor suppressor	Oncogene	0.2552199945800323	0.3735814752311448	0.37119853018882276
TCGA-38-4631-01A;MUC16	MUC16	TCGA-38-4631-01A	Oncogene	Oncogene	0.30401425674744137	0.3877601551270815	0.30822558812547723
TCGA-38-4631-01A;DPP6	DPP6	TCGA-38-4631-01A	Neutral	Neutral	0.344359442925808	0.32811338566926523	0.3275271714049268
TCGA-38-4631-01A;CSMD1	CSMD1	TCGA-38-4631-01A	Neutral	Neutral	0.35102759796140354	0.31442128286361354	0.33455111917498304
TCGA-38-4631-01A;LRRIQ1	LRRIQ1	TCGA-38-4631-01A	Neutral	Neutral	0.345129133924305	0.32127282721094375	0.33359803886475126
TCGA-38-4631-01A;KCND2	KCND2	TCGA-38-4631-01A	Neutral	Neutral	0.3486426456609696	0.3119641393629646	0.3393932149760658
TCGA-38-4631-01A;GLI1	GLI1	TCGA-38-4631-01A	Neutral	Oncogene	0.3310783086363365	0.3406302528453048	0.3282914385183587
TCGA-38-4631-01A;RYR3	RYR3	TCGA-38-4631-01A	Neutral	Neutral	0.34774645198143495	0.31742964684781727	0.3348239011707478
TCGA-38-4631-01A;CTNND2	CTNND2	TCGA-38-4631-01A	Oncogene	Oncogene	0.3357960065571433	0.3412924935226333	0.3229114999202234
TCGA-38-4631-01A;MGAM	MGAM	TCGA-38-4631-01A	Neutral	Neutral	0.3430055220402263	0.3329913306366544	0.3240031473231194
TCGA-38-4631-01A;GRID1	GRID1	TCGA-38-4631-01A	Neutral	Neutral	0.3480124739567663	0.31874627118638943	0.3332412548568442
TCGA-38-4631-01A;LGR5	LGR5	TCGA-38-4631-01A	Neutral	Neutral	0.3483354207611666	0.3139734160457332	0.33769116319310016
TCGA-38-4631-01A;FBN2	FBN2	TCGA-38-4631-01A	Neutral	Neutral	0.3450388524808411	0.328223000349536	0.32673814716962296
TCGA-38-4631-01A;CLSTN2	CLSTN2	TCGA-38-4631-01A	Neutral	Neutral	0.3453059931278851	0.321494099367183	0.33319990750493184
TCGA-38-4631-01A;NRXN1	NRXN1	TCGA-38-4631-01A	Neutral	Neutral	0.35180117829811586	0.30794511400051433	0.34025370770136976
TCGA-38-4631-01A;GPR158	GPR158	TCGA-38-4631-01A	Neutral	Neutral	0.3486094062235622	0.32820677896533007	0.32318381481110775
TCGA-38-4631-01A;OCA2	OCA2	TCGA-38-4631-01A	Neutral	Neutral	0.3451657450207846	0.3229416984476877	0.33189255653152755
TCGA-38-4631-01A;NLRP3	NLRP3	TCGA-38-4631-01A	Neutral	Oncogene	0.3318786852888619	0.3406150560682015	0.3275062586429366
TCGA-38-4631-01A;MME	MME	TCGA-38-4631-01A	Neutral	Neutral	0.33809062601214723	0.32900743909605223	0.33290193489180053
TCGA-38-4631-01A;NYAP2	NYAP2	TCGA-38-4631-01A	Neutral	Neutral	0.3474083568796717	0.3154934138731209	0.3370982292472074
TCGA-38-4631-01A;NAALAD2	NAALAD2	TCGA-38-4631-01A	Neutral	Neutral	0.34898054993205163	0.317844972194327	0.33317447787362137
TCGA-38-4631-01A;PKHD1L1	PKHD1L1	TCGA-38-4631-01A	Neutral	Neutral	0.3458914339316618	0.31837855577339075	0.3357300102949474
TCGA-38-4631-01A;NALCN	NALCN	TCGA-38-4631-01A	Neutral	Neutral	0.3484257999492557	0.31901388272463	0.3325603173261143
TCGA-38-4631-01A;BRINP3	BRINP3	TCGA-38-4631-01A	Neutral	Neutral	0.35201612041581887	0.3137254055586333	0.33425847402554776
TCGA-38-4631-01A;ASTN2	ASTN2	TCGA-38-4631-01A	Neutral	Neutral	0.3488110131872632	0.3180822448373405	0.33310674197539625
TCGA-38-4631-01A;COL1A2	COL1A2	TCGA-38-4631-01A	Neutral	Neutral	0.34107294544972805	0.32428319402133304	0.3346438605289389
TCGA-38-4631-01A;ITGA4	ITGA4	TCGA-38-4631-01A	Neutral	Oncogene	0.333099458638804	0.33382112886827403	0.333079412492922
TCGA-38-4631-01A;CNTN3	CNTN3	TCGA-38-4631-01A	Neutral	Neutral	0.3520070232080961	0.3139795084680956	0.33401346832380824
TCGA-38-4631-01A;TRPC6	TRPC6	TCGA-38-4631-01A	Neutral	Neutral	0.3385919293032389	0.3263821706763347	0.3350259000204264
TCGA-38-4631-01A;PDE1A	PDE1A	TCGA-38-4631-01A	Neutral	Neutral	0.3451129624880807	0.3222569509013114	0.3326300866106079
TCGA-38-4631-01A;COL4A5	COL4A5	TCGA-38-4631-01A	Neutral	Tumor suppressor	0.3344240182099396	0.3285004578259617	0.3370755239640986
TCGA-38-4631-01A;FAT4	FAT4	TCGA-38-4631-01A	Tumor suppressor	Neutral	0.33860855812435986	0.3251058544809084	0.33628558739473174
TCGA-38-4631-01A;TRPS1	TRPS1	TCGA-38-4631-01A	Neutral	Neutral	0.3459015017692828	0.3181202357460501	0.3359782624846671
TCGA-38-4631-01A;CUBN	CUBN	TCGA-38-4631-01A	Neutral	Neutral	0.354401987559631	0.3135686313605263	0.3320293810798426
TCGA-38-4631-01A;SEMA6A	SEMA6A	TCGA-38-4631-01A	Neutral	Neutral	0.3357385430386116	0.32940457360070957	0.3348568833606789
TCGA-38-4631-01A;NOVA1	NOVA1	TCGA-38-4631-01A	Neutral	Neutral	0.3520070232080961	0.3139795084680956	0.33401346832380824
TCGA-38-4631-01A;NEB	NEB	TCGA-38-4631-01A	Neutral	Neutral	0.3509236415191384	0.3154471247769444	0.33362923370391717
TCGA-38-4631-01A;THSD7A	THSD7A	TCGA-38-4631-01A	Neutral	Neutral	0.34697544765277255	0.31507365497520023	0.33795089737202727
TCGA-38-4631-01A;MADD	MADD	TCGA-38-4631-01A	Neutral	Tumor suppressor	0.3340301553435375	0.3309659133608351	0.3350039312956274
TCGA-38-4631-01A;RYR2	RYR2	TCGA-38-4631-01A	Neutral	Neutral	0.33995386607684114	0.3293440044118364	0.3307021295113225
TCGA-38-4631-01A;HDX	HDX	TCGA-38-4631-01A	Neutral	Neutral	0.35117160787138285	0.31530765777387815	0.333520734354739
TCGA-38-4631-01A;THSD7B	THSD7B	TCGA-38-4631-01A	Neutral	Neutral	0.3513861121137961	0.3067403212809444	0.34187356660525947
TCGA-38-4631-01A;SCN1A	SCN1A	TCGA-38-4631-01A	Neutral	Neutral	0.34183941958021125	0.3165494250922329	0.3416111553275559
TCGA-38-4631-01A;CADPS	CADPS	TCGA-38-4631-01A	Neutral	Neutral	0.3470243756980388	0.3128293279653196	0.34014629633664156
TCGA-38-4631-01A;CDH11	CDH11	TCGA-38-4631-01A	Neutral	Neutral	0.3367628762744966	0.32821453006831236	0.33502259365719106
TCGA-38-4631-01A;GPC5	GPC5	TCGA-38-4631-01A	Tumor suppressor	Neutral	0.3460404240220146	0.31795137215331365	0.3360082038246718
TCGA-38-4631-01A;MAGI2	MAGI2	TCGA-38-4631-01A	Neutral	Neutral	0.33992769938577777	0.32028508448428933	0.33978721612993285
TCGA-38-4631-01A;STAT3	STAT3	TCGA-38-4631-01A	Oncogene	Tumor suppressor	0.2518155326963958	0.3679314926107172	0.380252974692887
TCGA-38-4631-01A;WRN	WRN	TCGA-38-4631-01A	Tumor suppressor	Tumor suppressor	0.33629642533876447	0.3224716506122318	0.3412319240490037
TCGA-38-4631-01A;KEAP1	KEAP1	TCGA-38-4631-01A	Tumor suppressor	Tumor suppressor	0.3254346701287705	0.3332988694971138	0.34126646037411573
TCGA-38-4631-01A;LZTR1	LZTR1	TCGA-38-4631-01A	Tumor suppressor	Tumor suppressor	0.3335609200593476	0.3214629097247874	0.344976170215865
TCGA-38-4631-01A;KDR	KDR	TCGA-38-4631-01A	Oncogene	Tumor suppressor	0.22567380611806911	0.3838482950508385	0.3904778988310924
TCGA-38-4631-01A;CASP3	CASP3	TCGA-38-4631-01A	Tumor suppressor	Tumor suppressor	0.2060283849870081	0.3872331423712484	0.4067384726417435
TCGA-38-4631-01A;HSPA1L	HSPA1L	TCGA-38-4631-01A	Neutral	Neutral	0.3423710219202845	0.31810781125889515	0.33952116682082034
TCGA-38-4631-01A;DTNA	DTNA	TCGA-38-4631-01A	Neutral	Neutral	0.3425762558665098	0.3213753046254685	0.33604843950802166
TCGA-38-4631-01A;SETD2	SETD2	TCGA-38-4631-01A	Tumor suppressor	Tumor suppressor	0.3357576655533908	0.3220559035559597	0.34218643089064954
TCGA-38-4631-01A;ATP11C	ATP11C	TCGA-38-4631-01A	Neutral	Neutral	0.3433754849465383	0.31598121615701646	0.3406432988964453
TCGA-38-4631-01A;ATRX	ATRX	TCGA-38-4631-01A	Tumor suppressor	Tumor suppressor	0.3348458347430429	0.32234644364669246	0.3428077216102646
TCGA-38-4631-01A;MTOR	MTOR	TCGA-38-4631-01A	Oncogene	Tumor suppressor	0.21638380902051732	0.3860350770071507	0.39758111397233203
TCGA-38-4631-01A;UBR5	UBR5	TCGA-38-4631-01A	Oncogene	Oncogene	0.3289219669324962	0.3360775786583562	0.3350004544091475
TCGA-38-4631-01A;MXRA5	MXRA5	TCGA-38-4631-01A	Neutral	Tumor suppressor	0.33548488096713214	0.3279962935746618	0.336518825458206
TCGA-38-4631-01A;ZFHX3	ZFHX3	TCGA-38-4631-01A	Tumor suppressor	Tumor suppressor	0.3335430970940573	0.32375133433782394	0.34270556856811885
TCGA-38-4631-01A;ZNF423	ZNF423	TCGA-38-4631-01A	Neutral	Neutral	0.3452444771209836	0.3148260171652072	0.33992950571380925
TCGA-38-4631-01A;VPS13D	VPS13D	TCGA-38-4631-01A	Neutral	Neutral	0.33914277863915865	0.32254760639789015	0.33830961496295114
TCGA-38-4631-01A;DCC	DCC	TCGA-38-4631-01A	Neutral	Neutral	0.3348303885525851	0.3313603370816245	0.3338092743657904
TCGA-38-4631-01A;BRCA2	BRCA2	TCGA-38-4631-01A	Tumor suppressor	Tumor suppressor	0.33603722147823545	0.3254590731437852	0.33850370537797936
