	genes	Tumor_Sample_Barcode	Label	Predicted label	Probability_Neutral	Probability_Oncogene	Probability_Tumor suppressor
TCGA-A7-A425-01A;CDH1	CDH1	TCGA-A7-A425-01A	Tumor suppressor	Oncogene	0.2359669596745117	0.39012158130028646	0.3739114590252019
TCGA-A8-A0A7-01A;ANO3	ANO3	TCGA-A8-A0A7-01A	Neutral	Neutral	0.36895235444079255	0.34582683471736514	0.28522081084184264
TCGA-A8-A0A7-01A;COL1A2	COL1A2	TCGA-A8-A0A7-01A	Neutral	Neutral	0.3482160924197807	0.3166863489620496	0.33509755861816964
TCGA-A8-A0A7-01A;GUCY1A2	GUCY1A2	TCGA-A8-A0A7-01A	Neutral	Neutral	0.3670561480397515	0.34615366807797443	0.28679018388227434
TCGA-A8-A0A7-01A;RYR3	RYR3	TCGA-A8-A0A7-01A	Neutral	Neutral	0.3391110163883792	0.32551591390252665	0.3353730697090943
TCGA-A8-A0A7-01A;ROR2	ROR2	TCGA-A8-A0A7-01A	Neutral	Tumor suppressor	0.337259114184191	0.3246327597702998	0.33810812604550927
TCGA-A8-A0A7-01A;PIK3CA	PIK3CA	TCGA-A8-A0A7-01A	Oncogene	Oncogene	0.20300788287091215	0.4107364229123392	0.38625569421674844
TCGA-A8-A0A7-01A;BIRC6	BIRC6	TCGA-A8-A0A7-01A	Neutral	Neutral	0.3427834685930102	0.3247713871548215	0.33244514425216826
TCGA-A8-A0A7-01A;TCF4	TCF4	TCGA-A8-A0A7-01A	Neutral	Oncogene	0.3318010450858086	0.33686291216350855	0.33133604275068285
TCGA-A8-A0A7-01A;ZFHX4	ZFHX4	TCGA-A8-A0A7-01A	Neutral	Neutral	0.34471245584756105	0.32322779092773035	0.3320597532247089
TCGA-A8-A0A7-01A;FAT1	FAT1	TCGA-A8-A0A7-01A	Tumor suppressor	Tumor suppressor	0.331945442642095	0.3317602907109556	0.3362942666469493
TCGA-A8-A0A7-01A;RIMS2	RIMS2	TCGA-A8-A0A7-01A	Neutral	Neutral	0.41634018806206596	0.3806358039305484	0.20302400800738554
TCGA-A8-A0A7-01A;ADAMTS12	ADAMTS12	TCGA-A8-A0A7-01A	Neutral	Neutral	0.34554963243529846	0.32547662628437535	0.3289737412803264
TCGA-A8-A0A7-01A;TRIO	TRIO	TCGA-A8-A0A7-01A	Neutral	Tumor suppressor	0.335685478105892	0.32262374345619116	0.34169077843791673
TCGA-A8-A0A7-01A;FAT4	FAT4	TCGA-A8-A0A7-01A	Tumor suppressor	Neutral	0.34235462980028614	0.3194678288496641	0.33817754135004985
TCGA-A8-A0A7-01A;ZNF148	ZNF148	TCGA-A8-A0A7-01A	Neutral	Neutral	0.34265731876784766	0.31894570112349835	0.33839698010865416
TCGA-A8-A0A7-01A;CDH1	CDH1	TCGA-A8-A0A7-01A	Tumor suppressor	Oncogene	0.2359669596745117	0.39012158130028646	0.3739114590252019
TCGA-A8-A0A7-01A;TECTA	TECTA	TCGA-A8-A0A7-01A	Neutral	Neutral	0.4158594358717695	0.38290531232815456	0.2012352518000762
TCGA-A8-A0A7-01A;FBN2	FBN2	TCGA-A8-A0A7-01A	Neutral	Neutral	0.4122920939614723	0.38634496960669046	0.20136293643183734
TCGA-A8-A0A7-01A;OVGP1	OVGP1	TCGA-A8-A0A7-01A	Neutral	Neutral	0.34879614050078106	0.3276556607852515	0.32354819871396706
TCGA-A8-A0A7-01A;ERBB3	ERBB3	TCGA-A8-A0A7-01A	Oncogene	Oncogene	0.3301595700963079	0.3488941533940458	0.3209462765096464
TCGA-A8-A0A7-01A;ZNF800	ZNF800	TCGA-A8-A0A7-01A	Neutral	Neutral	0.34393652796991575	0.3227354720777908	0.33332799995229356
TCGA-A8-A0A7-01A;GPRASP2	GPRASP2	TCGA-A8-A0A7-01A	Neutral	Neutral	0.3416837040121341	0.3243884051256767	0.33392789086218944
TCGA-A8-A0A7-01A;PIK3CB	PIK3CB	TCGA-A8-A0A7-01A	Oncogene	Oncogene	0.3099671418830369	0.34939454245293516	0.3406383156640278
TCGA-A8-A0A7-01A;NCAM1	NCAM1	TCGA-A8-A0A7-01A	Neutral	Oncogene	0.33679679525709116	0.3456423051791214	0.3175608995637874
TCGA-A8-A0A7-01A;BLM	BLM	TCGA-A8-A0A7-01A	Tumor suppressor	Tumor suppressor	0.3325337966759691	0.3276490362191034	0.33981716710492765
TCGA-A8-A0A7-01A;ARAP3	ARAP3	TCGA-A8-A0A7-01A	Neutral	Tumor suppressor	0.33514750080294886	0.3257640836195433	0.33908841557750735
TCGA-A8-A0A7-01A;KDM5C	KDM5C	TCGA-A8-A0A7-01A	Tumor suppressor	Neutral	0.3409786508998195	0.3241769758477643	0.33484437325241645
TCGA-A8-A0A7-01A;CAMTA1	CAMTA1	TCGA-A8-A0A7-01A	Neutral	Neutral	0.3432184116979894	0.3230884726643807	0.33369311563763027
TCGA-A8-A0A7-01A;CTNND2	CTNND2	TCGA-A8-A0A7-01A	Oncogene	Neutral	0.3413457705560943	0.33123874330388975	0.32741548614001603
TCGA-A8-A0A7-01A;BRCA2	BRCA2	TCGA-A8-A0A7-01A	Tumor suppressor	Tumor suppressor	0.33159795324009383	0.327692074083697	0.34070997267620917
TCGA-A8-A0A7-01A;ZNF91	ZNF91	TCGA-A8-A0A7-01A	Neutral	Neutral	0.3439174165813464	0.3232915945567005	0.33279098886195335
TCGA-A8-A0A7-01A;NBEA	NBEA	TCGA-A8-A0A7-01A	Neutral	Neutral	0.3351921943392255	0.3298421385240364	0.3349656671367384
TCGA-A8-A0A7-01A;ROBO1	ROBO1	TCGA-A8-A0A7-01A	Neutral	Tumor suppressor	0.33063294498597146	0.3312096918762476	0.33815736313778105
TCGA-A8-A0A7-01A;SLC8A1	SLC8A1	TCGA-A8-A0A7-01A	Neutral	Neutral	0.33775132380255984	0.3258143515528202	0.33643432464461986
TCGA-A8-A0A7-01A;LRRIQ1	LRRIQ1	TCGA-A8-A0A7-01A	Neutral	Neutral	0.4131917943128917	0.3858416130537662	0.2009665926333422
TCGA-D8-A1XY-01A;CSMD1	CSMD1	TCGA-D8-A1XY-01A	Neutral	Neutral	0.3475980934011626	0.3262236476160509	0.32617825898278646
TCGA-D8-A1XY-01A;PIK3CA	PIK3CA	TCGA-D8-A1XY-01A	Oncogene	Oncogene	0.20300788287091215	0.4107364229123392	0.38625569421674844
TCGA-D8-A1XY-01A;SCN9A	SCN9A	TCGA-D8-A1XY-01A	Neutral	Neutral	0.3462265438335753	0.3197813857545437	0.3339920704118808
TCGA-D8-A1XY-01A;EPHB1	EPHB1	TCGA-D8-A1XY-01A	Neutral	Neutral	0.3365244687281097	0.3339164265330253	0.3295591047388649
TCGA-D8-A1XY-01A;MGAM	MGAM	TCGA-D8-A1XY-01A	Neutral	Neutral	0.3965783180399626	0.3666760424178469	0.2367456395421907
TCGA-D8-A1XY-01A;ANTXR1	ANTXR1	TCGA-D8-A1XY-01A	Neutral	Neutral	0.3437127948838996	0.3314850067240015	0.32480219839209834
TCGA-D8-A1XT-01A;FLG	FLG	TCGA-D8-A1XT-01A	Neutral	Neutral	0.4348878473627156	0.4042775809585638	0.16083457167872056
TCGA-D8-A1XT-01A;BCL9	BCL9	TCGA-D8-A1XT-01A	Neutral	Tumor suppressor	0.3357331652616827	0.319445099770573	0.34482173496774443
TCGA-D8-A1XT-01A;PCDH10	PCDH10	TCGA-D8-A1XT-01A	Neutral	Neutral	0.4156915017970349	0.38377024193293185	0.2005382562700333
TCGA-D8-A1XT-01A;FGFR4	FGFR4	TCGA-D8-A1XT-01A	Oncogene	Oncogene	0.3316987028621262	0.34346593203145426	0.3248353651064194
TCGA-D8-A1XT-01A;SPEF2	SPEF2	TCGA-D8-A1XT-01A	Neutral	Neutral	0.3462262740219802	0.3242668040957857	0.32950692188223407
TCGA-A7-A0CJ-01A;CYP26B1	CYP26B1	TCGA-A7-A0CJ-01A	Neutral	Neutral	0.37213997833177515	0.3539596649002069	0.27390035676801805
TCGA-A7-A0CJ-01A;PCDHGA3	PCDHGA3	TCGA-A7-A0CJ-01A	Neutral	Neutral	0.3415934283236835	0.33550384273493333	0.32290272894138333
TCGA-A7-A0CJ-01A;PIK3CA	PIK3CA	TCGA-A7-A0CJ-01A	Oncogene	Oncogene	0.20300788287091215	0.4107364229123392	0.38625569421674844
TCGA-A7-A0CJ-01A;PRDM2	PRDM2	TCGA-A7-A0CJ-01A	Tumor suppressor	Neutral	0.34256322706361764	0.3191341130044708	0.33830265993191166
TCGA-A7-A0CJ-01A;MED12	MED12	TCGA-A7-A0CJ-01A	Tumor suppressor	Tumor suppressor	0.32644471130124364	0.3308979719381048	0.3426573167606518
TCGA-A7-A0CJ-01A;ARID1B	ARID1B	TCGA-A7-A0CJ-01A	Tumor suppressor	Tumor suppressor	0.3344678780044142	0.3207524255320949	0.3447796964634908
TCGA-A7-A0CJ-01A;MUC16	MUC16	TCGA-A7-A0CJ-01A	Oncogene	Oncogene	0.3290888372844438	0.3503592954638465	0.32055186725170925
TCGA-A7-A0CJ-01A;CBLB	CBLB	TCGA-A7-A0CJ-01A	Tumor suppressor	Tumor suppressor	0.3301878660971513	0.3268447463305714	0.34296738757227724
TCGA-A7-A0CJ-01A;LRP12	LRP12	TCGA-A7-A0CJ-01A	Neutral	Neutral	0.33883594393189387	0.33697202016429956	0.32419203590380663
TCGA-BH-A0DV-01A;PIK3CA	PIK3CA	TCGA-BH-A0DV-01A	Oncogene	Oncogene	0.20300788287091215	0.4107364229123392	0.38625569421674844
TCGA-BH-A0DV-01A;KMT2C	KMT2C	TCGA-BH-A0DV-01A	Tumor suppressor	Tumor suppressor	0.3326704031457115	0.32311991819456415	0.34420967865972407
TCGA-BH-A18S-01A;LAMA2	LAMA2	TCGA-BH-A18S-01A	Neutral	Neutral	0.33534494989195185	0.3327920072960375	0.3318630428120107
TCGA-BH-A18S-01A;SYNE1	SYNE1	TCGA-BH-A18S-01A	Neutral	Neutral	0.3430501366470028	0.3253960462435705	0.33155381710942694
TCGA-BH-A18S-01A;KRAS	KRAS	TCGA-BH-A18S-01A	Oncogene	Tumor suppressor	0.20241240893890552	0.39867005699401464	0.3989175340670799
TCGA-BH-A18S-01A;HDX	HDX	TCGA-BH-A18S-01A	Neutral	Neutral	0.34619218126120066	0.32536814765430894	0.32843967108449035
TCGA-E2-A15C-01A;PIK3CA	PIK3CA	TCGA-E2-A15C-01A	Oncogene	Oncogene	0.20300788287091215	0.4107364229123392	0.38625569421674844
TCGA-E2-A15C-01A;PTPRD	PTPRD	TCGA-E2-A15C-01A	Tumor suppressor	Neutral	0.3429111105935744	0.32438481685011394	0.33270407255631157
TCGA-E2-A15C-01A;AMPH	AMPH	TCGA-E2-A15C-01A	Neutral	Tumor suppressor	0.3385468474872864	0.32248023483225835	0.33897291768045523
TCGA-E2-A15C-01A;PABPC3	PABPC3	TCGA-E2-A15C-01A	Neutral	Neutral	0.41628322314583693	0.37955507171516517	0.20416170513899767
TCGA-E2-A15C-01A;BLM	BLM	TCGA-E2-A15C-01A	Tumor suppressor	Tumor suppressor	0.33216088294681745	0.3274678203492349	0.34037129670394767
TCGA-E2-A15C-01A;SMARCA4	SMARCA4	TCGA-E2-A15C-01A	Tumor suppressor	Tumor suppressor	0.3277393193710591	0.33466119026970137	0.33759949035923953
TCGA-E2-A15C-01A;DYSF	DYSF	TCGA-E2-A15C-01A	Neutral	Neutral	0.34033128726837286	0.322630324376993	0.33703838835463434
TCGA-E2-A15C-01A;AKT1	AKT1	TCGA-E2-A15C-01A	Oncogene	Oncogene	0.20640320451513333	0.40133564446343234	0.3922611510214342
TCGA-B6-A0RV-01A;ADCY2	ADCY2	TCGA-B6-A0RV-01A	Neutral	Neutral	0.3378994218504818	0.3264002131077948	0.33570036504172346
TCGA-B6-A0RV-01A;CDH1	CDH1	TCGA-B6-A0RV-01A	Tumor suppressor	Oncogene	0.2359669596745117	0.39012158130028646	0.3739114590252019
TCGA-B6-A0RV-01A;ARID2	ARID2	TCGA-B6-A0RV-01A	Tumor suppressor	Tumor suppressor	0.33307910569033394	0.32224629465455745	0.34467459965510877
TCGA-B6-A0RV-01A;USP8	USP8	TCGA-B6-A0RV-01A	Oncogene	Tumor suppressor	0.329169795507445	0.3305869572435879	0.340243247248967
TCGA-B6-A0RV-01A;ATM	ATM	TCGA-B6-A0RV-01A	Tumor suppressor	Tumor suppressor	0.2990699987604959	0.3432331826037746	0.35769681863572955
TCGA-B6-A0RV-01A;NCKAP5	NCKAP5	TCGA-B6-A0RV-01A	Neutral	Neutral	0.3462158631688916	0.32429563072328754	0.3294885061078209
TCGA-B6-A0RV-01A;SALL2	SALL2	TCGA-B6-A0RV-01A	Neutral	Neutral	0.3437999667600414	0.32441611175043766	0.33178392148952107
TCGA-B6-A0RV-01A;NEB	NEB	TCGA-B6-A0RV-01A	Neutral	Neutral	0.3443232125158131	0.32640591509590433	0.32927087238828234
TCGA-AR-A2LN-01A;PCDH11X	PCDH11X	TCGA-AR-A2LN-01A	Neutral	Neutral	0.4337414443837231	0.3965262370600814	0.16973231855619517
TCGA-AR-A2LN-01A;CDH1	CDH1	TCGA-AR-A2LN-01A	Tumor suppressor	Oncogene	0.2359669596745117	0.39012158130028646	0.3739114590252019
TCGA-AR-A2LN-01A;EPHB1	EPHB1	TCGA-AR-A2LN-01A	Neutral	Neutral	0.3365583650925812	0.334150660006114	0.3292909749013047
TCGA-AR-A2LN-01A;MUC4	MUC4	TCGA-AR-A2LN-01A	Oncogene	Oncogene	0.32981656574782964	0.3498172796124362	0.32036615463973367
TCGA-AR-A2LN-01A;CDC73	CDC73	TCGA-AR-A2LN-01A	Tumor suppressor	Tumor suppressor	0.3324831615439065	0.33063097622867327	0.3368858622274204
TCGA-AR-A2LN-01A;ADAMTSL1	ADAMTSL1	TCGA-AR-A2LN-01A	Neutral	Neutral	0.3468816483887061	0.3296015077814072	0.32351684382988627
TCGA-AR-A2LN-01A;RYR2	RYR2	TCGA-AR-A2LN-01A	Neutral	Neutral	0.33750588058768516	0.32949112406335895	0.333002995348956
TCGA-BH-A0HN-01A;ABCA1	ABCA1	TCGA-BH-A0HN-01A	Neutral	Neutral	0.3537533290394113	0.34713773235040596	0.2991089386101828
TCGA-BH-A0HN-01A;CPED1	CPED1	TCGA-BH-A0HN-01A	Neutral	Neutral	0.3390442928271298	0.33057420745465776	0.33038149971821235
TCGA-BH-A0HN-01A;LAMA2	LAMA2	TCGA-BH-A0HN-01A	Neutral	Neutral	0.33534494989195185	0.3327920072960375	0.3318630428120107
TCGA-BH-A0HN-01A;SVEP1	SVEP1	TCGA-BH-A0HN-01A	Neutral	Neutral	0.34638294210554427	0.33276682131454915	0.3208502365799068
TCGA-BH-A0HN-01A;PIK3CA	PIK3CA	TCGA-BH-A0HN-01A	Oncogene	Oncogene	0.20300788287091215	0.4107364229123392	0.38625569421674844
TCGA-BH-A0HN-01A;MUC4	MUC4	TCGA-BH-A0HN-01A	Oncogene	Oncogene	0.32981656574782964	0.3498172796124362	0.32036615463973367
TCGA-BH-A0HN-01A;THSD7A	THSD7A	TCGA-BH-A0HN-01A	Neutral	Neutral	0.3468816483887061	0.3296015077814072	0.32351684382988627
TCGA-BH-A0HN-01A;GRID1	GRID1	TCGA-BH-A0HN-01A	Neutral	Neutral	0.3452841285752257	0.3260049709630534	0.3287109004617208
TCGA-BH-A0HN-01A;GRIN3A	GRIN3A	TCGA-BH-A0HN-01A	Neutral	Neutral	0.413656678459851	0.3849839917001709	0.2013593298399784
TCGA-BH-A0B4-01A;SCN5A	SCN5A	TCGA-BH-A0B4-01A	Neutral	Neutral	0.34559263633903337	0.332776422655249	0.3216309410057177
TCGA-BH-A0B4-01A;SYNE1	SYNE1	TCGA-BH-A0B4-01A	Neutral	Neutral	0.3430501366470028	0.3253960462435705	0.33155381710942694
TCGA-BH-A0B4-01A;KIAA1109	KIAA1109	TCGA-BH-A0B4-01A	Neutral	Neutral	0.33761917703581173	0.3319957136001586	0.3303851093640295
TCGA-BH-A0B4-01A;MUC16	MUC16	TCGA-BH-A0B4-01A	Oncogene	Oncogene	0.3290888372844438	0.3503592954638465	0.32055186725170925
TCGA-BH-A0B4-01A;BAZ1A	BAZ1A	TCGA-BH-A0B4-01A	Tumor suppressor	Tumor suppressor	0.3337525875988973	0.3281682119372506	0.338079200463852
TCGA-BH-A0B4-01A;CACNA2D3	CACNA2D3	TCGA-BH-A0B4-01A	Neutral	Neutral	0.41583633188512054	0.3820954574606807	0.2020682106541989
TCGA-BH-A0B4-01A;GRIK2	GRIK2	TCGA-BH-A0B4-01A	Neutral	Neutral	0.4132016059177048	0.38624492802146	0.20055346606083532
TCGA-BH-A0B4-01A;SLITRK6	SLITRK6	TCGA-BH-A0B4-01A	Neutral	Neutral	0.34602674240994336	0.32389775354876454	0.330075504041292
TCGA-BH-A0B4-01A;RNF43	RNF43	TCGA-BH-A0B4-01A	Tumor suppressor	Neutral	0.3368685703427228	0.3365315999321883	0.3265998297250888
TCGA-A8-A09Q-01A;EBF3	EBF3	TCGA-A8-A09Q-01A	Neutral	Neutral	0.3668541911079905	0.34388493790622027	0.28926087098578923
TCGA-A8-A09Q-01A;COL25A1	COL25A1	TCGA-A8-A09Q-01A	Neutral	Neutral	0.36725517397934737	0.3458645705136998	0.28688025550695273
TCGA-A8-A09Q-01A;SLC4A4	SLC4A4	TCGA-A8-A09Q-01A	Neutral	Neutral	0.3673817628199782	0.3462115667177661	0.286406670462256
TCGA-A8-A09Q-01A;CDH12	CDH12	TCGA-A8-A09Q-01A	Neutral	Neutral	0.41190873356556745	0.3748203611613782	0.21327090527305415
TCGA-A8-A09Q-01A;PIK3CA	PIK3CA	TCGA-A8-A09Q-01A	Oncogene	Oncogene	0.20300788287091215	0.4107364229123392	0.38625569421674844
TCGA-A8-A09Q-01A;PCLO	PCLO	TCGA-A8-A09Q-01A	Neutral	Neutral	0.34164128147392964	0.327035521030705	0.33132319749536543
TCGA-A8-A09Q-01A;PCSK5	PCSK5	TCGA-A8-A09Q-01A	Neutral	Oncogene	0.3357329185129637	0.33803289582612606	0.3262341856609104
TCGA-A8-A09Q-01A;COL14A1	COL14A1	TCGA-A8-A09Q-01A	Neutral	Neutral	0.34791028939074103	0.34277651165851813	0.3093131989507411
TCGA-A8-A09Q-01A;UBR5	UBR5	TCGA-A8-A09Q-01A	Oncogene	Oncogene	0.3328012178382387	0.33737177680327873	0.3298270053584828
TCGA-A8-A09Q-01A;WAS	WAS	TCGA-A8-A09Q-01A	Oncogene	Oncogene	0.33318475076712606	0.34113277709531753	0.3256824721375565
TCGA-A8-A09Q-01A;SCN9A	SCN9A	TCGA-A8-A09Q-01A	Neutral	Neutral	0.3462265438335753	0.3197813857545437	0.3339920704118808
TCGA-A8-A09Q-01A;UHRF1BP1	UHRF1BP1	TCGA-A8-A09Q-01A	Neutral	Neutral	0.3424806293727862	0.3195056143601653	0.33801375626704855
TCGA-A8-A09Q-01A;OVGP1	OVGP1	TCGA-A8-A09Q-01A	Neutral	Neutral	0.3478449371450381	0.31831838263736906	0.333836680217593
TCGA-A8-A09Q-01A;HCN1	HCN1	TCGA-A8-A09Q-01A	Neutral	Neutral	0.4164418444559689	0.3830661213736074	0.20049203417042358
TCGA-A8-A09Q-01A;PTPRT	PTPRT	TCGA-A8-A09Q-01A	Tumor suppressor	Neutral	0.34144856585575556	0.323030091174951	0.3355213429692934
TCGA-A8-A09Q-01A;CBLB	CBLB	TCGA-A8-A09Q-01A	Tumor suppressor	Tumor suppressor	0.3301878660971513	0.3268447463305714	0.34296738757227724
TCGA-A8-A09Q-01A;CLIP1	CLIP1	TCGA-A8-A09Q-01A	Neutral	Tumor suppressor	0.33508212485805083	0.32521808882400804	0.3396997863179414
TCGA-A8-A09Q-01A;TRPS1	TRPS1	TCGA-A8-A09Q-01A	Neutral	Neutral	0.3468512780883189	0.3275448166911341	0.3256039052205467
TCGA-A8-A09Q-01A;GRIK2	GRIK2	TCGA-A8-A09Q-01A	Neutral	Neutral	0.4132016059177048	0.38624492802146	0.20055346606083532
TCGA-A8-A09Q-01A;GRID1	GRID1	TCGA-A8-A09Q-01A	Neutral	Neutral	0.3452841285752257	0.3260049709630534	0.3287109004617208
TCGA-A8-A09Q-01A;AUTS2	AUTS2	TCGA-A8-A09Q-01A	Neutral	Neutral	0.33997464437387576	0.3245310627795159	0.3354942928466086
TCGA-A8-A09Q-01A;MSH2	MSH2	TCGA-A8-A09Q-01A	Tumor suppressor	Tumor suppressor	0.3316081226890286	0.32321394182293534	0.34517793548803616
TCGA-A8-A09Q-01A;MMP16	MMP16	TCGA-A8-A09Q-01A	Neutral	Neutral	0.3717636973062087	0.3171929550743605	0.3110433476194312
TCGA-A8-A09Q-01A;BRIP1	BRIP1	TCGA-A8-A09Q-01A	Tumor suppressor	Tumor suppressor	0.3345460362753312	0.327342261772066	0.3381117019526032
TCGA-A7-A0DA-01A;CUBN	CUBN	TCGA-A7-A0DA-01A	Neutral	Neutral	0.3458592004416863	0.3295292579338244	0.3246115416244891
TCGA-A7-A0DA-01A;DNAH11	DNAH11	TCGA-A7-A0DA-01A	Neutral	Neutral	0.4157119879759432	0.38367951040593357	0.2006085016181229
TCGA-A7-A0DA-01A;GRIK3	GRIK3	TCGA-A7-A0DA-01A	Neutral	Neutral	0.3425311119554619	0.3247266903212319	0.33274219772330643
TCGA-A7-A0DA-01A;ASXL2	ASXL2	TCGA-A7-A0DA-01A	Tumor suppressor	Tumor suppressor	0.3325579052515025	0.32762557058223424	0.33981652416626357
TCGA-A7-A0DA-01A;FMN2	FMN2	TCGA-A7-A0DA-01A	Neutral	Neutral	0.41564043016256436	0.38381743870905294	0.20054213112838284
TCGA-A7-A0DA-01A;ITGA8	ITGA8	TCGA-A7-A0DA-01A	Neutral	Neutral	0.33988371343048074	0.3294648560118433	0.330651430557676
TCGA-A7-A0DA-01A;DNAH7	DNAH7	TCGA-A7-A0DA-01A	Neutral	Neutral	0.3434791651457189	0.3262966871257056	0.3302241477285756
TCGA-A7-A0DA-01A;CNTN1	CNTN1	TCGA-A7-A0DA-01A	Neutral	Neutral	0.3408535300124746	0.3294764802642834	0.329669989723242
TCGA-A7-A0DA-01A;LRFN5	LRFN5	TCGA-A7-A0DA-01A	Neutral	Neutral	0.34281188131368096	0.32738221155309477	0.3298059071332245
TCGA-A7-A0DA-01A;PRDM1	PRDM1	TCGA-A7-A0DA-01A	Tumor suppressor	Tumor suppressor	0.33522213469292345	0.3294907733749601	0.3352870919321166
TCGA-A7-A0DA-01A;NAALAD2	NAALAD2	TCGA-A7-A0DA-01A	Neutral	Neutral	0.34622190137742315	0.3237702895043077	0.33000780911826905
TCGA-A7-A0DA-01A;DZIP3	DZIP3	TCGA-A7-A0DA-01A	Neutral	Neutral	0.3404336342633193	0.32745807664457677	0.332108289092104
TCGA-A7-A0DA-01A;TRAF7	TRAF7	TCGA-A7-A0DA-01A	Tumor suppressor	Neutral	0.3425536782488483	0.3226021145859836	0.3348442071651679
TCGA-A7-A0DA-01A;SPEG	SPEG	TCGA-A7-A0DA-01A	Neutral	Neutral	0.3422551770226923	0.3227534622617436	0.33499136071556407
TCGA-A7-A0DA-01A;NEB	NEB	TCGA-A7-A0DA-01A	Neutral	Neutral	0.3443232125158131	0.32640591509590433	0.32927087238828234
TCGA-A7-A0DA-01A;MXRA5	MXRA5	TCGA-A7-A0DA-01A	Neutral	Neutral	0.34669777922602873	0.32771163215469834	0.3255905886192728
TCGA-D8-A73W-01A;SCN2A	SCN2A	TCGA-D8-A73W-01A	Neutral	Neutral	0.3436189680755372	0.329347585958746	0.32703344596571676
TCGA-D8-A73W-01A;DNMT3A	DNMT3A	TCGA-D8-A73W-01A	Tumor suppressor	Tumor suppressor	0.3352930870899922	0.3196804714668774	0.34502644144313044
TCGA-BH-A28Q-01A;APC	APC	TCGA-BH-A28Q-01A	Tumor suppressor	Tumor suppressor	0.319853485623667	0.33805659297553964	0.3420899214007935
TCGA-BH-A28Q-01A;GRIK3	GRIK3	TCGA-BH-A28Q-01A	Neutral	Neutral	0.34240639082985874	0.3242674387066352	0.33332617046350616
TCGA-BH-A28Q-01A;CDH1	CDH1	TCGA-BH-A28Q-01A	Tumor suppressor	Oncogene	0.2359669596745117	0.39012158130028646	0.3739114590252019
TCGA-BH-A28Q-01A;RYR2	RYR2	TCGA-BH-A28Q-01A	Neutral	Neutral	0.33750588058768516	0.32949112406335895	0.333002995348956
TCGA-GI-A2C8-01A;GRIA3	GRIA3	TCGA-GI-A2C8-01A	Neutral	Tumor suppressor	0.3313781442772724	0.32620472247480925	0.34241713324791834
TCGA-GI-A2C8-01A;RYR3	RYR3	TCGA-GI-A2C8-01A	Neutral	Neutral	0.3391110163883792	0.32551591390252665	0.3353730697090943
TCGA-GI-A2C8-01A;CSMD1	CSMD1	TCGA-GI-A2C8-01A	Neutral	Neutral	0.3472010091183757	0.32602313551486256	0.3267758553667617
TCGA-GI-A2C8-01A;ITSN1	ITSN1	TCGA-GI-A2C8-01A	Neutral	Tumor suppressor	0.3351542532370198	0.3284124366559864	0.3364333101069937
TCGA-GI-A2C8-01A;DNAH11	DNAH11	TCGA-GI-A2C8-01A	Neutral	Neutral	0.4157119879759432	0.38367951040593357	0.2006085016181229
TCGA-GI-A2C8-01A;FAT1	FAT1	TCGA-GI-A2C8-01A	Tumor suppressor	Tumor suppressor	0.331945442642095	0.3317602907109556	0.3362942666469493
TCGA-GI-A2C8-01A;CDH1	CDH1	TCGA-GI-A2C8-01A	Tumor suppressor	Oncogene	0.2359669596745117	0.39012158130028646	0.3739114590252019
TCGA-GI-A2C8-01A;MARK1	MARK1	TCGA-GI-A2C8-01A	Neutral	Neutral	0.3423549214857582	0.3268914001184511	0.3307536783957905
TCGA-GI-A2C8-01A;OTOF	OTOF	TCGA-GI-A2C8-01A	Neutral	Neutral	0.4072908598179144	0.3869454856443216	0.2057636545377643
TCGA-GI-A2C8-01A;MDM4	MDM4	TCGA-GI-A2C8-01A	Oncogene	Tumor suppressor	0.32885845911281153	0.3312309204441282	0.3399106204430603
TCGA-GI-A2C8-01A;EPHA6	EPHA6	TCGA-GI-A2C8-01A	Neutral	Neutral	0.4052036763561587	0.39014542978056566	0.20465089386327537
TCGA-GI-A2C8-01A;LAMB1	LAMB1	TCGA-GI-A2C8-01A	Neutral	Oncogene	0.3334164120238445	0.3449310869669509	0.32165250100920423
TCGA-GI-A2C8-01A;ADAM19	ADAM19	TCGA-GI-A2C8-01A	Neutral	Neutral	0.34482861958931094	0.325115324330448	0.33005605608024113
TCGA-GI-A2C8-01A;LRP6	LRP6	TCGA-GI-A2C8-01A	Neutral	Oncogene	0.3296104163723611	0.3433386136500906	0.3270509699775481
TCGA-GI-A2C8-01A;DCLK1	DCLK1	TCGA-GI-A2C8-01A	Neutral	Neutral	0.3407640267894706	0.3244566574001293	0.33477931581040005
TCGA-GI-A2C8-01A;HMCN1	HMCN1	TCGA-GI-A2C8-01A	Neutral	Neutral	0.34221572494402247	0.32320045168934725	0.33458382336663023
TCGA-GI-A2C8-01A;RPL10	RPL10	TCGA-GI-A2C8-01A	Tumor suppressor	Tumor suppressor	0.30541321382679903	0.3389433986671157	0.3556433875060853
TCGA-GI-A2C8-01A;MAGI2	MAGI2	TCGA-GI-A2C8-01A	Neutral	Neutral	0.3376459046960581	0.32622377814240383	0.33613031716153785
TCGA-GI-A2C8-01A;IL6ST	IL6ST	TCGA-GI-A2C8-01A	Oncogene	Oncogene	0.3354623247048165	0.3356273418179558	0.32891033347722753
TCGA-GI-A2C8-01A;SALL2	SALL2	TCGA-GI-A2C8-01A	Neutral	Neutral	0.3437999667600414	0.32441611175043766	0.33178392148952107
TCGA-C8-A3M8-01A;PIK3CA	PIK3CA	TCGA-C8-A3M8-01A	Oncogene	Oncogene	0.20300788287091215	0.4107364229123392	0.38625569421674844
TCGA-C8-A3M8-01A;KMT2C	KMT2C	TCGA-C8-A3M8-01A	Tumor suppressor	Tumor suppressor	0.3326704031457115	0.32311991819456415	0.34420967865972407
TCGA-C8-A3M8-01A;KIAA1109	KIAA1109	TCGA-C8-A3M8-01A	Neutral	Neutral	0.3377451902920749	0.33253833794944637	0.3297164717584786
TCGA-C8-A3M8-01A;RBM10	RBM10	TCGA-C8-A3M8-01A	Tumor suppressor	Neutral	0.3390082759902378	0.3257070171066519	0.3352847069031103
TCGA-C8-A3M8-01A;DNM2	DNM2	TCGA-C8-A3M8-01A	Tumor suppressor	Tumor suppressor	0.33094221797989404	0.3250352982904817	0.34402248372962413
TCGA-D8-A1Y3-01A;PKHD1L1	PKHD1L1	TCGA-D8-A1Y3-01A	Neutral	Neutral	0.34532139224482944	0.32419601135830933	0.3304825963968614
TCGA-D8-A1Y3-01A;PTPRB	PTPRB	TCGA-D8-A1Y3-01A	Tumor suppressor	Tumor suppressor	0.3350109690999933	0.3238193406848609	0.3411696902151459
TCGA-D8-A1Y3-01A;CUBN	CUBN	TCGA-D8-A1Y3-01A	Neutral	Neutral	0.3458375325004508	0.3295091210537465	0.3246533464458025
TCGA-D8-A1Y3-01A;PCDHGA2	PCDHGA2	TCGA-D8-A1Y3-01A	Neutral	Neutral	0.34653847474918925	0.3248344812507631	0.32862704400004783
TCGA-D8-A1Y3-01A;WRN	WRN	TCGA-D8-A1Y3-01A	Tumor suppressor	Tumor suppressor	0.3288229122452259	0.3292106569801595	0.3419664307746146
TCGA-AQ-A0Y5-01A;LAMA2	LAMA2	TCGA-AQ-A0Y5-01A	Neutral	Neutral	0.33534494989195185	0.3327920072960375	0.3318630428120107
TCGA-AQ-A0Y5-01A;RYR3	RYR3	TCGA-AQ-A0Y5-01A	Neutral	Neutral	0.3391110163883792	0.32551591390252665	0.3353730697090943
TCGA-AQ-A0Y5-01A;CACNA1D	CACNA1D	TCGA-AQ-A0Y5-01A	Oncogene	Oncogene	0.3305495729686195	0.34081546388578365	0.3286349631455971
TCGA-AQ-A0Y5-01A;PIK3CA	PIK3CA	TCGA-AQ-A0Y5-01A	Oncogene	Oncogene	0.20300788287091215	0.4107364229123392	0.38625569421674844
TCGA-AQ-A0Y5-01A;THSD7B	THSD7B	TCGA-AQ-A0Y5-01A	Neutral	Neutral	0.3470915453689397	0.33094124476126985	0.3219672098697905
TCGA-AQ-A0Y5-01A;DSCAML1	DSCAML1	TCGA-AQ-A0Y5-01A	Neutral	Neutral	0.41795426875563285	0.3787269279985867	0.20331880324578025
TCGA-AQ-A0Y5-01A;THSD7A	THSD7A	TCGA-AQ-A0Y5-01A	Neutral	Neutral	0.3468816483887061	0.3296015077814072	0.32351684382988627
TCGA-AQ-A0Y5-01A;RALY	RALY	TCGA-AQ-A0Y5-01A	Neutral	Tumor suppressor	0.3343742889180516	0.32376890981909523	0.3418568012628528
TCGA-AQ-A0Y5-01A;EGFLAM	EGFLAM	TCGA-AQ-A0Y5-01A	Neutral	Neutral	0.33879426101865173	0.32612025689071183	0.3350854820906365
TCGA-AR-A0TY-01A;ANK1	ANK1	TCGA-AR-A0TY-01A	Neutral	Neutral	0.3445427586248883	0.3251059813804505	0.33035125999466114
TCGA-AR-A0TY-01A;CPNE4	CPNE4	TCGA-AR-A0TY-01A	Neutral	Neutral	0.41721736482820465	0.3813765161407942	0.20140611903100109
TCGA-AR-A0TY-01A;PTPRB	PTPRB	TCGA-AR-A0TY-01A	Tumor suppressor	Tumor suppressor	0.3350109690999933	0.3238193406848609	0.3411696902151459
TCGA-AR-A0TY-01A;ARHGAP5	ARHGAP5	TCGA-AR-A0TY-01A	Oncogene	Tumor suppressor	0.33124770285786503	0.3321874591800003	0.3365648379621345
TCGA-AR-A0TY-01A;SEMA3D	SEMA3D	TCGA-AR-A0TY-01A	Neutral	Neutral	0.3432671198671862	0.32397457318766254	0.33275830694515135
TCGA-AR-A0TY-01A;FBLN2	FBLN2	TCGA-AR-A0TY-01A	Tumor suppressor	Neutral	0.3461665688238701	0.317171390382945	0.33666204079318507
TCGA-AR-A0TY-01A;VPS13D	VPS13D	TCGA-AR-A0TY-01A	Neutral	Neutral	0.3445124516048935	0.3198296404413469	0.3356579079537596
TCGA-AR-A0TY-01A;TRRAP	TRRAP	TCGA-AR-A0TY-01A	Oncogene	Tumor suppressor	0.3076904589370695	0.3443656547269085	0.3479438863360218
TCGA-AR-A0TY-01A;CAPN6	CAPN6	TCGA-AR-A0TY-01A	Neutral	Neutral	0.342740819076716	0.32485433407058484	0.3324048468526996
TCGA-AR-A0TY-01A;STAG2	STAG2	TCGA-AR-A0TY-01A	Tumor suppressor	Tumor suppressor	0.3364164218535268	0.3199535979218152	0.34362998022465796
TCGA-AR-A0TY-01A;SF3B1	SF3B1	TCGA-AR-A0TY-01A	Oncogene	Oncogene	0.28010041147041875	0.37059294477657456	0.3493066437530067
TCGA-AR-A0TY-01A;ERCC5	ERCC5	TCGA-AR-A0TY-01A	Tumor suppressor	Tumor suppressor	0.3352309982351073	0.3203961467802027	0.34437285498468995
TCGA-AR-A0TY-01A;SEMA5A	SEMA5A	TCGA-AR-A0TY-01A	Neutral	Neutral	0.33759908294807095	0.32925140411047243	0.33314951294145634
TCGA-AR-A0TY-01A;AXIN2	AXIN2	TCGA-AR-A0TY-01A	Tumor suppressor	Tumor suppressor	0.33159835096641077	0.3328912624975666	0.3355103865360224
TCGA-AR-A0TY-01A;SULF1	SULF1	TCGA-AR-A0TY-01A	Neutral	Neutral	0.3416663677855041	0.32246727794161295	0.33586635427288275
TCGA-AR-A0TY-01A;AUTS2	AUTS2	TCGA-AR-A0TY-01A	Neutral	Neutral	0.33997464437387576	0.3245310627795159	0.3354942928466086
TCGA-AR-A0TY-01A;CTNND2	CTNND2	TCGA-AR-A0TY-01A	Oncogene	Neutral	0.3413457705560943	0.33123874330388975	0.32741548614001603
TCGA-AR-A0TY-01A;PCDHB16	PCDHB16	TCGA-AR-A0TY-01A	Neutral	Neutral	0.3462000511303986	0.3243258650668056	0.3294740838027958
TCGA-AR-A0TY-01A;DOCK2	DOCK2	TCGA-AR-A0TY-01A	Neutral	Neutral	0.33655612441960375	0.32758109991014556	0.3358627756702508
TCGA-A8-A0A1-01A;PIK3CA	PIK3CA	TCGA-A8-A0A1-01A	Oncogene	Oncogene	0.20300788287091215	0.4107364229123392	0.38625569421674844
TCGA-A8-A0A1-01A;PDE1C	PDE1C	TCGA-A8-A0A1-01A	Neutral	Neutral	0.3430145777026245	0.3245772485531442	0.33240817374423115
TCGA-A8-A0A1-01A;CDH1	CDH1	TCGA-A8-A0A1-01A	Tumor suppressor	Oncogene	0.2359669596745117	0.39012158130028646	0.3739114590252019
TCGA-A8-A0A1-01A;COL4A5	COL4A5	TCGA-A8-A0A1-01A	Neutral	Tumor suppressor	0.33255087373839615	0.3258240037834014	0.3416251224782026
TCGA-A8-A0A1-01A;FAT2	FAT2	TCGA-A8-A0A1-01A	Neutral	Neutral	0.34163027145797564	0.3224671153954795	0.3359026131465447
TCGA-A8-A0A1-01A;ARAP3	ARAP3	TCGA-A8-A0A1-01A	Neutral	Tumor suppressor	0.33467913570262114	0.32571953475320675	0.33960132954417166
TCGA-A8-A0A1-01A;MUTYH	MUTYH	TCGA-A8-A0A1-01A	Tumor suppressor	Neutral	0.3420332577429336	0.32985396379198895	0.32811277846507697
TCGA-A8-A0A1-01A;DGCR8	DGCR8	TCGA-A8-A0A1-01A	Oncogene	Tumor suppressor	0.3316113123473293	0.32948882259114826	0.3388998650615224
TCGA-A8-A0A1-01A;EXT2	EXT2	TCGA-A8-A0A1-01A	Tumor suppressor	Tumor suppressor	0.3330730752913515	0.3258390984640363	0.34108782624461176
TCGA-A8-A0A1-01A;LRP2	LRP2	TCGA-A8-A0A1-01A	Neutral	Tumor suppressor	0.3355962779000264	0.3237279595625702	0.3406757625374035
TCGA-A8-A0A1-01A;CHD4	CHD4	TCGA-A8-A0A1-01A	Oncogene	Oncogene	0.31278541250964476	0.35890149150225703	0.3283130959880983
TCGA-BH-A0HK-01A;NRXN3	NRXN3	TCGA-BH-A0HK-01A	Neutral	Neutral	0.3467889019019028	0.32255229959008225	0.3306587985080148
TCGA-BH-A0HK-01A;SACS	SACS	TCGA-BH-A0HK-01A	Neutral	Neutral	0.3651770348539568	0.343878468724782	0.29094449642126097
TCGA-BH-A0HK-01A;RASAL2	RASAL2	TCGA-BH-A0HK-01A	Neutral	Neutral	0.3388595777595458	0.3276833353297012	0.33345708691075304
TCGA-BH-A0HK-01A;BRWD3	BRWD3	TCGA-BH-A0HK-01A	Neutral	Neutral	0.34698868612774236	0.3242390075927822	0.3287723062794755
TCGA-BH-A0HK-01A;FMN2	FMN2	TCGA-BH-A0HK-01A	Neutral	Neutral	0.41564043016256436	0.38381743870905294	0.20054213112838284
TCGA-BH-A0HK-01A;TET2	TET2	TCGA-BH-A0HK-01A	Tumor suppressor	Neutral	0.33891969366986674	0.3229491513539774	0.3381311549761559
TCGA-BH-A0HK-01A;UBR5	UBR5	TCGA-BH-A0HK-01A	Oncogene	Oncogene	0.3328012178382387	0.33737177680327873	0.3298270053584828
TCGA-BH-A0HK-01A;ADAMTSL3	ADAMTSL3	TCGA-BH-A0HK-01A	Neutral	Neutral	0.34703010492995473	0.32648705402914446	0.3264828410409005
TCGA-BH-A0HK-01A;FAT4	FAT4	TCGA-BH-A0HK-01A	Tumor suppressor	Neutral	0.34235462980028614	0.3194678288496641	0.33817754135004985
TCGA-BH-A0HK-01A;FZD10	FZD10	TCGA-BH-A0HK-01A	Neutral	Neutral	0.3410188418960655	0.33082814858474774	0.32815300951918686
TCGA-BH-A0HK-01A;KIF21B	KIF21B	TCGA-BH-A0HK-01A	Neutral	Neutral	0.3453415671483191	0.32578377310126655	0.32887465975041447
TCGA-BH-A0HK-01A;CAMTA1	CAMTA1	TCGA-BH-A0HK-01A	Neutral	Neutral	0.34321200630668885	0.3230924941746886	0.33369549951862293
TCGA-BH-A0HK-01A;MGMT	MGMT	TCGA-BH-A0HK-01A	Tumor suppressor	Neutral	0.3401487722765487	0.3264270357770147	0.33342419194643663
TCGA-BH-A0HK-01A;KLHL4	KLHL4	TCGA-BH-A0HK-01A	Neutral	Neutral	0.3467608539459307	0.32344480876353965	0.32979433729052965
TCGA-BH-A0HK-01A;SPOP	SPOP	TCGA-BH-A0HK-01A	Tumor suppressor	Tumor suppressor	0.3263642640436541	0.3303743636700771	0.3432613722862689
TCGA-BH-A0HK-01A;SLIT3	SLIT3	TCGA-BH-A0HK-01A	Neutral	Neutral	0.34335464242570835	0.33198361875171906	0.32466173882257204
TCGA-BH-A0HK-01A;PROX1	PROX1	TCGA-BH-A0HK-01A	Neutral	Neutral	0.3429809737146818	0.32754229016015074	0.32947673612516726
TCGA-BH-A0HK-01A;POLD1	POLD1	TCGA-BH-A0HK-01A	Tumor suppressor	Tumor suppressor	0.33437702170993405	0.32246298645420746	0.3431599918358583
TCGA-A8-A09W-01A;PCDH11X	PCDH11X	TCGA-A8-A09W-01A	Neutral	Neutral	0.4337414443837231	0.3965262370600814	0.16973231855619517
TCGA-A8-A09W-01A;CHL1	CHL1	TCGA-A8-A09W-01A	Neutral	Neutral	0.33500087755004826	0.33191018801565	0.3330889344343017
TCGA-A8-A09W-01A;BRWD3	BRWD3	TCGA-A8-A09W-01A	Neutral	Neutral	0.34698868612774236	0.3242390075927822	0.3287723062794755
TCGA-A8-A09W-01A;ITIH5	ITIH5	TCGA-A8-A09W-01A	Neutral	Neutral	0.34815083909414896	0.3216026757309262	0.33024648517492494
TCGA-A8-A09W-01A;POLE	POLE	TCGA-A8-A09W-01A	Tumor suppressor	Tumor suppressor	0.33188407916767676	0.3181222002076867	0.3499937206246368
TCGA-A8-A09W-01A;CDH1	CDH1	TCGA-A8-A09W-01A	Tumor suppressor	Oncogene	0.2359669596745117	0.39012158130028646	0.3739114590252019
TCGA-A8-A09W-01A;ATP8B4	ATP8B4	TCGA-A8-A09W-01A	Neutral	Neutral	0.3462376762930197	0.32374009075002574	0.33002223295695443
TCGA-A8-A09W-01A;ITGA10	ITGA10	TCGA-A8-A09W-01A	Neutral	Neutral	0.3393452356841933	0.33298733350446025	0.32766743081134625
TCGA-A8-A09W-01A;ERCC2	ERCC2	TCGA-A8-A09W-01A	Tumor suppressor	Tumor suppressor	0.32581018886896473	0.33199189772300963	0.3421979134080257
TCGA-A8-A09W-01A;HMCN1	HMCN1	TCGA-A8-A09W-01A	Neutral	Neutral	0.34221572494402247	0.32320045168934725	0.33458382336663023
TCGA-A8-A09W-01A;TXNIP	TXNIP	TCGA-A8-A09W-01A	Neutral	Neutral	0.3417556689042123	0.3179839421999216	0.34026038889586596
TCGA-A8-A09W-01A;RB1	RB1	TCGA-A8-A09W-01A	Tumor suppressor	Tumor suppressor	0.20612488978339322	0.3945332001983692	0.3993419100182377
TCGA-A8-A09W-01A;RYR2	RYR2	TCGA-A8-A09W-01A	Neutral	Neutral	0.33750588058768516	0.32949112406335895	0.333002995348956
TCGA-A8-A09W-01A;SALL2	SALL2	TCGA-A8-A09W-01A	Neutral	Neutral	0.3437999667600414	0.32441611175043766	0.33178392148952107
TCGA-LD-A9QF-01A;WDFY3	WDFY3	TCGA-LD-A9QF-01A	Neutral	Neutral	0.3391861953333313	0.32337927594120586	0.33743452872546287
TCGA-LD-A9QF-01A;DGCR8	DGCR8	TCGA-LD-A9QF-01A	Oncogene	Tumor suppressor	0.3316113123473293	0.32948882259114826	0.3388998650615224
TCGA-A8-A094-01A;IGF2BP2	IGF2BP2	TCGA-A8-A094-01A	Tumor suppressor	Neutral	0.3378048736925278	0.32942516691218315	0.33276995939528903
TCGA-A8-A094-01A;CSMD1	CSMD1	TCGA-A8-A094-01A	Neutral	Neutral	0.3472010091183757	0.32602313551486256	0.3267758553667617
TCGA-A8-A094-01A;GLI1	GLI1	TCGA-A8-A094-01A	Neutral	Tumor suppressor	0.3314062845572523	0.3334711186405278	0.3351225968022198
TCGA-A8-A094-01A;COLGALT2	COLGALT2	TCGA-A8-A094-01A	Neutral	Neutral	0.3473101171204261	0.32707114952109484	0.3256187333584792
TCGA-A8-A094-01A;EGFR	EGFR	TCGA-A8-A094-01A	Oncogene	Oncogene	0.2085987415462282	0.41004370043958477	0.3813575580141869
TCGA-A8-A094-01A;KMT2C	KMT2C	TCGA-A8-A094-01A	Tumor suppressor	Tumor suppressor	0.3326704031457115	0.32311991819456415	0.34420967865972407
TCGA-A8-A094-01A;PTPRD	PTPRD	TCGA-A8-A094-01A	Tumor suppressor	Neutral	0.3429111105935744	0.32438481685011394	0.33270407255631157
TCGA-A8-A094-01A;COL14A1	COL14A1	TCGA-A8-A094-01A	Neutral	Neutral	0.34791028939074103	0.34277651165851813	0.3093131989507411
TCGA-A8-A094-01A;ATRX	ATRX	TCGA-A8-A094-01A	Tumor suppressor	Tumor suppressor	0.33510497500228403	0.3225618731020991	0.34233315189561675
TCGA-A8-A094-01A;ADAMTS12	ADAMTS12	TCGA-A8-A094-01A	Neutral	Neutral	0.34554935428530464	0.3254730499255138	0.3289775957891818
TCGA-A8-A094-01A;PPP1R9A	PPP1R9A	TCGA-A8-A094-01A	Neutral	Neutral	0.3402437996640399	0.32451122927261794	0.3352449710633421
TCGA-A8-A094-01A;SMAD4	SMAD4	TCGA-A8-A094-01A	Tumor suppressor	Oncogene	0.2252684768409423	0.3884726072428548	0.3862589159162029
TCGA-A8-A094-01A;BRINP3	BRINP3	TCGA-A8-A094-01A	Neutral	Neutral	0.41610768874536225	0.382362996226491	0.20152931502814692
TCGA-A8-A094-01A;MYOM2	MYOM2	TCGA-A8-A094-01A	Neutral	Neutral	0.34163027145797564	0.3224671153954795	0.3359026131465447
TCGA-A8-A094-01A;KDM5C	KDM5C	TCGA-A8-A094-01A	Tumor suppressor	Neutral	0.3409786508998195	0.3241769758477643	0.33484437325241645
TCGA-A8-A094-01A;TBC1D22A	TBC1D22A	TCGA-A8-A094-01A	Neutral	Neutral	0.34371944069471794	0.3228907844427238	0.3333897748625586
TCGA-A8-A094-01A;GRIN3A	GRIN3A	TCGA-A8-A094-01A	Neutral	Neutral	0.413656678459851	0.3849839917001709	0.2013593298399784
TCGA-A8-A094-01A;AKT1	AKT1	TCGA-A8-A094-01A	Oncogene	Oncogene	0.20640320451513333	0.40133564446343234	0.3922611510214342
TCGA-A8-A094-01A;SPEF2	SPEF2	TCGA-A8-A094-01A	Neutral	Neutral	0.3462262740219802	0.3242668040957857	0.32950692188223407
TCGA-A7-A26G-01A;COL25A1	COL25A1	TCGA-A7-A26G-01A	Neutral	Neutral	0.36725517397934737	0.3458645705136998	0.28688025550695273
TCGA-A7-A26G-01A;DNAH5	DNAH5	TCGA-A7-A26G-01A	Neutral	Neutral	0.34421795445360354	0.3253451256808686	0.33043691986552837
TCGA-A7-A26G-01A;ADAMTS16	ADAMTS16	TCGA-A7-A26G-01A	Neutral	Neutral	0.34636882369583655	0.3294026394973483	0.32422853680681496
TCGA-A7-A26G-01A;PCLO	PCLO	TCGA-A7-A26G-01A	Neutral	Neutral	0.34164128147392964	0.327035521030705	0.33132319749536543
TCGA-A7-A26G-01A;SYNE1	SYNE1	TCGA-A7-A26G-01A	Neutral	Neutral	0.3430501366470028	0.3253960462435705	0.33155381710942694
TCGA-A7-A26G-01A;CDK12	CDK12	TCGA-A7-A26G-01A	Tumor suppressor	Tumor suppressor	0.3321886929951808	0.32808248889856795	0.33972881810625144
TCGA-A7-A26G-01A;CACHD1	CACHD1	TCGA-A7-A26G-01A	Neutral	Neutral	0.34265919130853306	0.3189408005472215	0.3384000081442455
TCGA-A7-A26G-01A;PDZRN4	PDZRN4	TCGA-A7-A26G-01A	Neutral	Neutral	0.34719027993462565	0.3201195098504337	0.3326902102149405
TCGA-A7-A26G-01A;PTEN	PTEN	TCGA-A7-A26G-01A	Tumor suppressor	Tumor suppressor	0.2084044374143195	0.39266694684246295	0.3989286157432174
TCGA-A7-A26G-01A;OTUD7A	OTUD7A	TCGA-A7-A26G-01A	Neutral	Neutral	0.3381450160857369	0.32659884105957904	0.33525614285468386
TCGA-A7-A26G-01A;BRINP3	BRINP3	TCGA-A7-A26G-01A	Neutral	Neutral	0.41610768874536225	0.382362996226491	0.20152931502814692
TCGA-A7-A26G-01A;PDE10A	PDE10A	TCGA-A7-A26G-01A	Neutral	Neutral	0.3430272287262402	0.32558446114084183	0.331388310132918
TCGA-B6-A0I1-01A;BCL9	BCL9	TCGA-B6-A0I1-01A	Neutral	Tumor suppressor	0.33546969367868695	0.31949804440977586	0.3450322619115374
TCGA-B6-A0I1-01A;GRIA3	GRIA3	TCGA-B6-A0I1-01A	Neutral	Tumor suppressor	0.3313954397306853	0.32622162740320715	0.34238293286610755
TCGA-B6-A0I1-01A;ADAMTS16	ADAMTS16	TCGA-B6-A0I1-01A	Neutral	Neutral	0.3462132777703663	0.3296815615379945	0.32410516069163914
TCGA-B6-A0I1-01A;NALCN	NALCN	TCGA-B6-A0I1-01A	Neutral	Neutral	0.34672279606230183	0.32602133362258123	0.32725587031511705
TCGA-B6-A0I1-01A;UBR5	UBR5	TCGA-B6-A0I1-01A	Oncogene	Oncogene	0.3328012178382387	0.33737177680327873	0.3298270053584828
TCGA-B6-A0I1-01A;CDH11	CDH11	TCGA-B6-A0I1-01A	Neutral	Neutral	0.34123125973794094	0.32360303617372393	0.33516570408833496
TCGA-B6-A0I1-01A;FANCD2	FANCD2	TCGA-B6-A0I1-01A	Tumor suppressor	Tumor suppressor	0.33357994972850535	0.32385483259296877	0.34256521767852577
TCGA-B6-A0I1-01A;TSC2	TSC2	TCGA-B6-A0I1-01A	Tumor suppressor	Oncogene	0.3253680840951343	0.3378190446528314	0.3368128712520342
TCGA-BH-A0H5-01A;SYNE1	SYNE1	TCGA-BH-A0H5-01A	Neutral	Neutral	0.3430501366470028	0.3253960462435705	0.33155381710942694
TCGA-BH-A0H5-01A;LATS1	LATS1	TCGA-BH-A0H5-01A	Tumor suppressor	Tumor suppressor	0.3340748830876388	0.32159822248430225	0.34432689442805886
TCGA-BH-A0H5-01A;HIF1A	HIF1A	TCGA-BH-A0H5-01A	Oncogene	Tumor suppressor	0.2515388903162316	0.3709138812933474	0.3775472283904208
TCGA-BH-A0H5-01A;PTEN	PTEN	TCGA-BH-A0H5-01A	Tumor suppressor	Tumor suppressor	0.2084044354984777	0.3926606589102205	0.39893490559130157
TCGA-BH-A0H5-01A;MADD	MADD	TCGA-BH-A0H5-01A	Neutral	Tumor suppressor	0.3333717353828248	0.33118643438694745	0.33544183023022756
TCGA-BH-A0H5-01A;MXRA5	MXRA5	TCGA-BH-A0H5-01A	Neutral	Neutral	0.3467085084313496	0.32686126009061667	0.32643023147803363
TCGA-BH-A0H5-01A;HRNR	HRNR	TCGA-BH-A0H5-01A	Neutral	Neutral	0.4171785148548121	0.38214670377841586	0.20067478136677197
TCGA-AR-A0TQ-01A;DDR2	DDR2	TCGA-AR-A0TQ-01A	Oncogene	Neutral	0.3410859228208236	0.33721256329795235	0.3217015138812239
TCGA-AR-A0TQ-01A;DNAH11	DNAH11	TCGA-AR-A0TQ-01A	Neutral	Neutral	0.4157119879759432	0.38367951040593357	0.2006085016181229
TCGA-AR-A0TQ-01A;RIMS1	RIMS1	TCGA-AR-A0TQ-01A	Neutral	Neutral	0.414573906745194	0.3844741983701501	0.20095189488465587
TCGA-AR-A0TQ-01A;PIK3R1	PIK3R1	TCGA-AR-A0TQ-01A	Tumor suppressor	Oncogene	0.2063400615310838	0.4053583178247325	0.3883016206441842
TCGA-AR-A0TQ-01A;BRIP1	BRIP1	TCGA-AR-A0TQ-01A	Tumor suppressor	Tumor suppressor	0.33464702282559394	0.327386213461775	0.33796676371263135
TCGA-5T-A9QA-01A;FAT4	FAT4	TCGA-5T-A9QA-01A	Tumor suppressor	Neutral	0.34235462980028614	0.3194678288496641	0.33817754135004985
TCGA-5T-A9QA-01A;MUC16	MUC16	TCGA-5T-A9QA-01A	Oncogene	Oncogene	0.3290888372844438	0.3503592954638465	0.32055186725170925
TCGA-5T-A9QA-01A;CARD11	CARD11	TCGA-5T-A9QA-01A	Oncogene	Tumor suppressor	0.3340559854449702	0.33107681837021746	0.3348671961848121
TCGA-5T-A9QA-01A;GPRASP2	GPRASP2	TCGA-5T-A9QA-01A	Neutral	Neutral	0.3416837040121341	0.3243884051256767	0.33392789086218944
TCGA-A2-A04N-01A;SCN2A	SCN2A	TCGA-A2-A04N-01A	Neutral	Neutral	0.3436189680755372	0.329347585958746	0.32703344596571676
TCGA-A2-A04N-01A;PIK3CA	PIK3CA	TCGA-A2-A04N-01A	Oncogene	Oncogene	0.20300788287091215	0.4107364229123392	0.38625569421674844
TCGA-A2-A04N-01A;ASXL1	ASXL1	TCGA-A2-A04N-01A	Tumor suppressor	Tumor suppressor	0.33105021428415593	0.3184243865806294	0.35052539913521447
TCGA-A2-A04N-01A;MUC16	MUC16	TCGA-A2-A04N-01A	Oncogene	Oncogene	0.3290888372844438	0.3503592954638465	0.32055186725170925
TCGA-A2-A04N-01A;TOX2	TOX2	TCGA-A2-A04N-01A	Neutral	Neutral	0.34614131802634346	0.3236766451954566	0.3301820367782
TCGA-AR-A251-01A;GPR158	GPR158	TCGA-AR-A251-01A	Neutral	Neutral	0.5313926646223824	0.24938104883349846	0.21922628654411921
TCGA-AR-A251-01A;SACS	SACS	TCGA-AR-A251-01A	Neutral	Neutral	0.36528327922047527	0.3436742307559017	0.2910424900236227
TCGA-AR-A251-01A;MYCBP2	MYCBP2	TCGA-AR-A251-01A	Neutral	Neutral	0.33822369339120467	0.33235610284816997	0.3294202037606254
TCGA-AR-A251-01A;RASAL2	RASAL2	TCGA-AR-A251-01A	Neutral	Neutral	0.3388595777595458	0.3276833353297012	0.33345708691075304
TCGA-AR-A251-01A;DYNC2H1	DYNC2H1	TCGA-AR-A251-01A	Neutral	Tumor suppressor	0.3350227759155973	0.32565237107622674	0.3393248530081759
TCGA-AR-A251-01A;RIMS2	RIMS2	TCGA-AR-A251-01A	Neutral	Neutral	0.41634018806206596	0.3806358039305484	0.20302400800738554
TCGA-AR-A251-01A;TRIO	TRIO	TCGA-AR-A251-01A	Neutral	Tumor suppressor	0.335685478105892	0.32262374345619116	0.34169077843791673
