	genes	Tumor_Sample_Barcode	Label	Predicted label	Probability_Neutral	Probability_Oncogene	Probability_Tumor suppressor
TCGA-F4-6805-01A;RYR3	RYR3	TCGA-F4-6805-01A	Neutral	Neutral	0.36390338600990646	0.34558004399707815	0.29051656999301534
TCGA-F4-6805-01A;ZFHX4	ZFHX4	TCGA-F4-6805-01A	Neutral	Neutral	0.36345062593452127	0.34480595206005155	0.29174342200542724
TCGA-F4-6805-01A;DYSF	DYSF	TCGA-F4-6805-01A	Neutral	Neutral	0.34622661630152196	0.3270439212034519	0.326729462495026
TCGA-F4-6805-01A;ATRX	ATRX	TCGA-F4-6805-01A	Tumor suppressor	Tumor suppressor	0.3409650234460301	0.31456936622936515	0.34446561032460477
TCGA-F4-6805-01A;PTPRT	PTPRT	TCGA-F4-6805-01A	Tumor suppressor	Neutral	0.4424598637871241	0.16243863949703657	0.3951014967158394
TCGA-F4-6805-01A;NTNG1	NTNG1	TCGA-F4-6805-01A	Neutral	Neutral	0.3485953430792713	0.3240835623218047	0.32732109459892395
TCGA-F4-6805-01A;KLHL4	KLHL4	TCGA-F4-6805-01A	Neutral	Neutral	0.3477849990700806	0.31732615982556045	0.33488884110435896
TCGA-F4-6805-01A;PIK3CA	PIK3CA	TCGA-F4-6805-01A	Oncogene	Tumor suppressor	0.13319716232401668	0.4015238166505277	0.46527902102545565
TCGA-F4-6805-01A;AKT1	AKT1	TCGA-F4-6805-01A	Oncogene	Tumor suppressor	0.1310580235771967	0.40486728193106314	0.4640746944917401
TCGA-F4-6805-01A;SMARCD1	SMARCD1	TCGA-F4-6805-01A	Tumor suppressor	Tumor suppressor	0.3280295678634015	0.32944901603525945	0.34252141610133907
TCGA-F4-6805-01A;SMC1A	SMC1A	TCGA-F4-6805-01A	Tumor suppressor	Tumor suppressor	0.3239050892144818	0.3324599403803161	0.3436349704052022
TCGA-F4-6805-01A;SMAD4	SMAD4	TCGA-F4-6805-01A	Tumor suppressor	Tumor suppressor	0.18066988113299684	0.39188351582359077	0.4274466030434123
TCGA-F4-6805-01A;SVEP1	SVEP1	TCGA-F4-6805-01A	Neutral	Neutral	0.33930312383874683	0.32279993497680204	0.33789694118445107
TCGA-AZ-6605-01A;FLNC	FLNC	TCGA-AZ-6605-01A	Neutral	Neutral	0.3750951950467856	0.295996718472803	0.3289080864804115
TCGA-AZ-6605-01A;EPHA7	EPHA7	TCGA-AZ-6605-01A	Neutral	Neutral	0.3461379879740657	0.34581243992080885	0.3080495721051254
TCGA-AZ-6605-01A;FAT4	FAT4	TCGA-AZ-6605-01A	Tumor suppressor	Neutral	0.3411222622428844	0.3223645129623565	0.33651322479475915
TCGA-AZ-6605-01A;GRIK2	GRIK2	TCGA-AZ-6605-01A	Neutral	Neutral	0.3872037078618497	0.28315742826812834	0.32963886387002195
TCGA-AZ-6605-01A;TRPS1	TRPS1	TCGA-AZ-6605-01A	Neutral	Neutral	0.3439012385246306	0.32881035184284374	0.32728840963252565
TCGA-AZ-6605-01A;RUNX1T1	RUNX1T1	TCGA-AZ-6605-01A	Neutral	Neutral	0.34145748669441117	0.33029724691836976	0.3282452663872191
TCGA-AZ-6605-01A;CDH1	CDH1	TCGA-AZ-6605-01A	Tumor suppressor	Tumor suppressor	0.19237180634056722	0.40052361250550944	0.4071045811539234
TCGA-AZ-6605-01A;THBS2	THBS2	TCGA-AZ-6605-01A	Neutral	Neutral	0.3428695107868597	0.3196399192657381	0.3374905699474023
TCGA-AZ-6605-01A;TAF3	TAF3	TCGA-AZ-6605-01A	Neutral	Tumor suppressor	0.33274347268993754	0.32570645302423873	0.3415500742858238
TCGA-AZ-6605-01A;BRWD3	BRWD3	TCGA-AZ-6605-01A	Neutral	Neutral	0.34361076966540594	0.3187204214928598	0.33766880884173417
TCGA-AZ-6605-01A;BRCA2	BRCA2	TCGA-AZ-6605-01A	Tumor suppressor	Neutral	0.3369380279104288	0.33020728456706916	0.33285468752250214
TCGA-AZ-6605-01A;APC	APC	TCGA-AZ-6605-01A	Tumor suppressor	Tumor suppressor	0.32030922573889653	0.328915296137245	0.35077547812385845
TCGA-AZ-6605-01A;MSH2	MSH2	TCGA-AZ-6605-01A	Tumor suppressor	Tumor suppressor	0.32821918500930797	0.33087391326723337	0.34090690172345867
TCGA-AZ-6605-01A;EGFLAM	EGFLAM	TCGA-AZ-6605-01A	Neutral	Neutral	0.3466446578844642	0.33087256845894075	0.322482773656595
TCGA-AZ-6605-01A;DOCK2	DOCK2	TCGA-AZ-6605-01A	Neutral	Tumor suppressor	0.3350913939006886	0.3254048400756585	0.3395037660236529
TCGA-DM-A288-01A;PTPRC	PTPRC	TCGA-DM-A288-01A	Tumor suppressor	Oncogene	0.3304552520224309	0.33838455721104166	0.3311601907665275
TCGA-DM-A288-01A;CUBN	CUBN	TCGA-DM-A288-01A	Neutral	Neutral	0.34261975770842	0.33307681808436945	0.3243034242072104
TCGA-DM-A288-01A;ADAMTS16	ADAMTS16	TCGA-DM-A288-01A	Neutral	Neutral	0.3445364761760912	0.34152159179909675	0.313941932024812
TCGA-DM-A288-01A;SMAD3	SMAD3	TCGA-DM-A288-01A	Tumor suppressor	Tumor suppressor	0.14090189768044173	0.39674633775447793	0.46235176456508037
TCGA-DM-A288-01A;APC	APC	TCGA-DM-A288-01A	Tumor suppressor	Tumor suppressor	0.3242705535717486	0.3321506356382195	0.3435788107900319
TCGA-DM-A288-01A;ETNK1	ETNK1	TCGA-DM-A288-01A	Tumor suppressor	Neutral	0.3367055002593577	0.33396327296662054	0.3293312267740216
TCGA-DM-A288-01A;KRAS	KRAS	TCGA-DM-A288-01A	Oncogene	Tumor suppressor	0.13745588767579037	0.4233990489690136	0.439145063355196
TCGA-DM-A288-01A;COL1A2	COL1A2	TCGA-DM-A288-01A	Neutral	Tumor suppressor	0.33430216962674775	0.33016548194253975	0.33553234843071245
TCGA-DM-A288-01A;CASP3	CASP3	TCGA-DM-A288-01A	Tumor suppressor	Tumor suppressor	0.1378234979222511	0.40170436586469227	0.4604721362130567
TCGA-DM-A288-01A;PIK3CA	PIK3CA	TCGA-DM-A288-01A	Oncogene	Tumor suppressor	0.12897904309069147	0.408521704626127	0.46249925228318156
TCGA-CM-6170-01A;MGAM	MGAM	TCGA-CM-6170-01A	Neutral	Neutral	0.3453254096119376	0.33122504067041525	0.32344954971764717
TCGA-CM-6170-01A;GLI3	GLI3	TCGA-CM-6170-01A	Neutral	Neutral	0.3470255517904989	0.34448074082124497	0.3084937073882562
TCGA-CM-6170-01A;NBEA	NBEA	TCGA-CM-6170-01A	Neutral	Neutral	0.3506400656707207	0.33867239949051087	0.31068753483876854
TCGA-CM-6170-01A;DYNC1I1	DYNC1I1	TCGA-CM-6170-01A	Neutral	Neutral	0.34089249186264337	0.3396940886437886	0.319413419493568
TCGA-CM-6170-01A;COL12A1	COL12A1	TCGA-CM-6170-01A	Neutral	Neutral	0.3447682547872124	0.332072537231093	0.3231592079816946
TCGA-CM-6170-01A;ZNF831	ZNF831	TCGA-CM-6170-01A	Neutral	Neutral	0.35250334235545566	0.33560834493334946	0.311888312711195
TCGA-CM-6170-01A;PTPRT	PTPRT	TCGA-CM-6170-01A	Tumor suppressor	Neutral	0.4424598637871241	0.16243863949703657	0.3951014967158394
TCGA-CM-6170-01A;ASXL1	ASXL1	TCGA-CM-6170-01A	Tumor suppressor	Tumor suppressor	0.3319284377068664	0.32507394939195156	0.3429976129011821
TCGA-CM-6170-01A;CHD7	CHD7	TCGA-CM-6170-01A	Neutral	Neutral	0.3405622471111981	0.3218646604531016	0.33757309243570033
TCGA-CM-6170-01A;SETD1B	SETD1B	TCGA-CM-6170-01A	Tumor suppressor	Tumor suppressor	0.33413350436432177	0.31885344334072385	0.34701305229495444
TCGA-CM-6170-01A;GATA2	GATA2	TCGA-CM-6170-01A	Oncogene	Neutral	0.33500388630201605	0.3337874967081051	0.3312086169898788
TCGA-CM-6170-01A;CASP9	CASP9	TCGA-CM-6170-01A	Tumor suppressor	Tumor suppressor	0.3261003168811256	0.33363030041613934	0.3402693827027351
TCGA-CM-6170-01A;CHD4	CHD4	TCGA-CM-6170-01A	Oncogene	Oncogene	0.30143586448688203	0.3517770488991679	0.34678708661394997
TCGA-CM-6170-01A;BIRC6	BIRC6	TCGA-CM-6170-01A	Neutral	Neutral	0.33577848188981807	0.3297358273665686	0.33448569074361334
TCGA-CM-6170-01A;APC	APC	TCGA-CM-6170-01A	Tumor suppressor	Tumor suppressor	0.32030922573889653	0.328915296137245	0.35077547812385845
TCGA-CM-6170-01A;SCN5A	SCN5A	TCGA-CM-6170-01A	Neutral	Neutral	0.4391386169926534	0.17304186312699005	0.38781951988035657
TCGA-CM-6170-01A;SMARCA4	SMARCA4	TCGA-CM-6170-01A	Tumor suppressor	Tumor suppressor	0.32836805146698805	0.3249280428131279	0.3467039057198839
TCGA-CM-6170-01A;SMAD4	SMAD4	TCGA-CM-6170-01A	Tumor suppressor	Tumor suppressor	0.18066988113299684	0.39188351582359077	0.4274466030434123
TCGA-D5-5540-01A;ANKS1B	ANKS1B	TCGA-D5-5540-01A	Neutral	Neutral	0.3588429727248246	0.3449657184282118	0.2961913088469636
TCGA-D5-5540-01A;NCKAP5	NCKAP5	TCGA-D5-5540-01A	Neutral	Neutral	0.3465353130861719	0.32972853064863406	0.32373615626519403
TCGA-D5-5540-01A;AR	AR	TCGA-D5-5540-01A	Oncogene	Tumor suppressor	0.1620274219674381	0.4124463135975967	0.4255262644349652
TCGA-D5-5540-01A;FLT4	FLT4	TCGA-D5-5540-01A	Oncogene	Oncogene	0.3330622942246955	0.33727193684814427	0.32966576892716026
TCGA-D5-5540-01A;ROBO2	ROBO2	TCGA-D5-5540-01A	Tumor suppressor	Neutral	0.33718541688639914	0.334668275904009	0.32814630720959187
TCGA-D5-5540-01A;OTUD7A	OTUD7A	TCGA-D5-5540-01A	Neutral	Neutral	0.3387143678650061	0.3309397696495352	0.3303458624854588
TCGA-D5-5540-01A;PIK3CA	PIK3CA	TCGA-D5-5540-01A	Oncogene	Tumor suppressor	0.13319716232401668	0.4015238166505277	0.46527902102545565
TCGA-D5-5540-01A;SCN5A	SCN5A	TCGA-D5-5540-01A	Neutral	Neutral	0.4391386169926534	0.17304186312699005	0.38781951988035657
TCGA-D5-5540-01A;PLEC	PLEC	TCGA-D5-5540-01A	Neutral	Tumor suppressor	0.3311699413028183	0.3305307955277291	0.3382992631694526
TCGA-D5-5540-01A;KRAS	KRAS	TCGA-D5-5540-01A	Oncogene	Tumor suppressor	0.1400814749914984	0.4153398038915547	0.44457872111694685
TCGA-D5-5540-01A;FAT1	FAT1	TCGA-D5-5540-01A	Tumor suppressor	Oncogene	0.322951618191156	0.33862504482764877	0.33842333698119526
TCGA-D5-5540-01A;PTPRD	PTPRD	TCGA-D5-5540-01A	Tumor suppressor	Neutral	0.3386701743376893	0.3263084045616046	0.3350214211007061
TCGA-4N-A93T-01A;ZFHX4	ZFHX4	TCGA-4N-A93T-01A	Neutral	Neutral	0.3637561901810246	0.34473330685703907	0.29151050296193637
TCGA-4N-A93T-01A;HMCN1	HMCN1	TCGA-4N-A93T-01A	Neutral	Neutral	0.34716143145414585	0.3324959225359437	0.3203426460099105
TCGA-4N-A93T-01A;DYSF	DYSF	TCGA-4N-A93T-01A	Neutral	Neutral	0.3411889624161252	0.3226124293941324	0.33619860818974245
TCGA-4N-A93T-01A;GUCY1A2	GUCY1A2	TCGA-4N-A93T-01A	Neutral	Neutral	0.34683472269564053	0.3361396110746878	0.3170256662296717
TCGA-4N-A93T-01A;PXDN	PXDN	TCGA-4N-A93T-01A	Neutral	Neutral	0.34107029826013735	0.3227322450151968	0.33619745672466583
TCGA-4N-A93T-01A;NLRP3	NLRP3	TCGA-4N-A93T-01A	Neutral	Oncogene	0.3377436200907316	0.34378160896073784	0.3184747709485306
TCGA-4N-A93T-01A;CARD11	CARD11	TCGA-4N-A93T-01A	Oncogene	Oncogene	0.3318708781895737	0.33743656670020394	0.33069255511022233
TCGA-4N-A93T-01A;SPEF2	SPEF2	TCGA-4N-A93T-01A	Neutral	Neutral	0.35215695069797515	0.3248805499224715	0.32296249937955324
TCGA-4N-A93T-01A;DNMT3A	DNMT3A	TCGA-4N-A93T-01A	Tumor suppressor	Tumor suppressor	0.33246026850844057	0.3240745371576204	0.3434651943339391
TCGA-4N-A93T-01A;ELF3	ELF3	TCGA-4N-A93T-01A	Tumor suppressor	Neutral	0.34167951654114176	0.32444314973112043	0.333877333727738
TCGA-4N-A93T-01A;NFKBIE	NFKBIE	TCGA-4N-A93T-01A	Tumor suppressor	Tumor suppressor	0.33006710876704654	0.3315205962328222	0.3384122950001312
TCGA-4N-A93T-01A;SETD1B	SETD1B	TCGA-4N-A93T-01A	Tumor suppressor	Tumor suppressor	0.33368180249031465	0.31915036817934533	0.34716782933034
TCGA-4N-A93T-01A;WAC	WAC	TCGA-4N-A93T-01A	Neutral	Neutral	0.3358187031660097	0.33067417480197453	0.3335071220320157
TCGA-4N-A93T-01A;ARHGAP5	ARHGAP5	TCGA-4N-A93T-01A	Oncogene	Tumor suppressor	0.3277689055865001	0.3332319491049637	0.3389991453085363
TCGA-4N-A93T-01A;FBN2	FBN2	TCGA-4N-A93T-01A	Neutral	Neutral	0.34432126092959503	0.33047471731639033	0.3252040217540147
TCGA-4N-A93T-01A;SFMBT2	SFMBT2	TCGA-4N-A93T-01A	Neutral	Neutral	0.3406385301550617	0.32807293592024384	0.3312885339246945
TCGA-4N-A93T-01A;UHRF1BP1	UHRF1BP1	TCGA-4N-A93T-01A	Neutral	Neutral	0.33996911147799036	0.3233028357557546	0.336728052766255
TCGA-4N-A93T-01A;KRAS	KRAS	TCGA-4N-A93T-01A	Oncogene	Tumor suppressor	0.14008101428176523	0.41524955442636724	0.4446694312918675
TCGA-CM-6165-01A;IGSF9B	IGSF9B	TCGA-CM-6165-01A	Neutral	Neutral	0.3655263261990565	0.34551580134920945	0.288957872451734
TCGA-CM-6165-01A;PLCB1	PLCB1	TCGA-CM-6165-01A	Neutral	Neutral	0.3440711311719576	0.3438728900533787	0.3120559787746636
TCGA-CM-6165-01A;DLG2	DLG2	TCGA-CM-6165-01A	Neutral	Neutral	0.34434360742447	0.34346951739451237	0.3121868751810176
TCGA-CM-6165-01A;SYNE1	SYNE1	TCGA-CM-6165-01A	Neutral	Neutral	0.344618680442902	0.3327628196914939	0.32261849986560404
TCGA-CM-6165-01A;TMEM132B	TMEM132B	TCGA-CM-6165-01A	Neutral	Neutral	0.34463663138009865	0.3298719897213667	0.3254913788985346
TCGA-CM-6165-01A;GRIN2A	GRIN2A	TCGA-CM-6165-01A	Tumor suppressor	Tumor suppressor	0.33238304560440046	0.33057433737306685	0.33704261702253263
TCGA-CM-6165-01A;PLA2G4A	PLA2G4A	TCGA-CM-6165-01A	Neutral	Neutral	0.3363253494881384	0.328600320753947	0.33507432975791457
TCGA-CM-6165-01A;ADAMTS16	ADAMTS16	TCGA-CM-6165-01A	Neutral	Neutral	0.34572458265549655	0.3369185978457863	0.317356819498717
TCGA-CM-6165-01A;PROX1	PROX1	TCGA-CM-6165-01A	Neutral	Neutral	0.3429884112617517	0.32067960004538076	0.3363319886928675
TCGA-CM-6165-01A;THBS2	THBS2	TCGA-CM-6165-01A	Neutral	Neutral	0.34274189143541206	0.31984990410491676	0.33740820445967123
TCGA-CM-6165-01A;IL32	IL32	TCGA-CM-6165-01A	Neutral	Oncogene	0.3294457025574815	0.3405960342742488	0.32995826316826965
TCGA-CM-6165-01A;APC	APC	TCGA-CM-6165-01A	Tumor suppressor	Tumor suppressor	0.32037265146654503	0.32890388726317754	0.3507234612702774
TCGA-CM-6165-01A;SEMA6A	SEMA6A	TCGA-CM-6165-01A	Neutral	Neutral	0.3341746411959076	0.3328669226192937	0.33295843618479876
TCGA-CM-6165-01A;POLR3B	POLR3B	TCGA-CM-6165-01A	Neutral	Tumor suppressor	0.3356997442895011	0.32708049841144665	0.3372197572990522
TCGA-CM-6165-01A;SMAD4	SMAD4	TCGA-CM-6165-01A	Tumor suppressor	Tumor suppressor	0.18068707078929908	0.39201330413401914	0.4272996250766816
TCGA-AA-3655-01A;GLI3	GLI3	TCGA-AA-3655-01A	Neutral	Neutral	0.3480173396635592	0.3451903426901957	0.30679231764624515
TCGA-AA-3655-01A;CACNA2D1	CACNA2D1	TCGA-AA-3655-01A	Neutral	Neutral	0.35276703074502197	0.33891260908204457	0.3083203601729335
TCGA-AA-3655-01A;NOVA1	NOVA1	TCGA-AA-3655-01A	Neutral	Neutral	0.35325424691687746	0.3334951273824269	0.3132506257006956
TCGA-AA-3655-01A;SLITRK6	SLITRK6	TCGA-AA-3655-01A	Neutral	Neutral	0.3412097907250765	0.3248926749727621	0.3338975343021614
TCGA-AA-3655-01A;CHRM3	CHRM3	TCGA-AA-3655-01A	Neutral	Neutral	0.34424379772784014	0.3328403883681802	0.32291581390397955
TCGA-AA-3655-01A;PTPRT	PTPRT	TCGA-AA-3655-01A	Tumor suppressor	Neutral	0.4424598637871241	0.16243863949703657	0.3951014967158394
TCGA-AA-3655-01A;SLIT3	SLIT3	TCGA-AA-3655-01A	Neutral	Neutral	0.3409883159736594	0.321558126890775	0.3374535571355656
TCGA-AA-3655-01A;AMER1	AMER1	TCGA-AA-3655-01A	Tumor suppressor	Tumor suppressor	0.33256711547840195	0.33183828609258875	0.3355945984290093
TCGA-AA-3655-01A;ITGA10	ITGA10	TCGA-AA-3655-01A	Neutral	Neutral	0.37994347060671546	0.2837566459605765	0.3362998834327081
TCGA-AA-3655-01A;APC	APC	TCGA-AA-3655-01A	Tumor suppressor	Tumor suppressor	0.32030922573889653	0.328915296137245	0.35077547812385845
TCGA-AA-3655-01A;KIAA1109	KIAA1109	TCGA-AA-3655-01A	Neutral	Tumor suppressor	0.3368375005859444	0.32346923238877257	0.33969326702528296
TCGA-AA-3655-01A;KRAS	KRAS	TCGA-AA-3655-01A	Oncogene	Tumor suppressor	0.14009989256722294	0.4156349074866526	0.4442651999461244
TCGA-AA-A02K-01A;MME	MME	TCGA-AA-A02K-01A	Neutral	Neutral	0.3508868945152274	0.3505290736905544	0.2985840317942182
TCGA-AA-A02K-01A;SLCO5A1	SLCO5A1	TCGA-AA-A02K-01A	Neutral	Neutral	0.35822864280121725	0.33592190448667314	0.3058494527121097
TCGA-AA-A02K-01A;SYNE1	SYNE1	TCGA-AA-A02K-01A	Neutral	Neutral	0.344618680442902	0.3327628196914939	0.32261849986560404
TCGA-AA-A02K-01A;THSD7A	THSD7A	TCGA-AA-A02K-01A	Neutral	Neutral	0.35474741845041563	0.3341323058280176	0.31112027572156686
TCGA-AA-A02K-01A;ADCY2	ADCY2	TCGA-AA-A02K-01A	Neutral	Neutral	0.34480400441478976	0.33505470824477157	0.3201412873404387
TCGA-AA-A02K-01A;DYSF	DYSF	TCGA-AA-A02K-01A	Neutral	Neutral	0.34622661630152196	0.3270439212034519	0.326729462495026
TCGA-AA-A02K-01A;TRPS1	TRPS1	TCGA-AA-A02K-01A	Neutral	Neutral	0.3439012385246306	0.32881035184284374	0.32728840963252565
TCGA-AA-A02K-01A;MYCBP2	MYCBP2	TCGA-AA-A02K-01A	Neutral	Tumor suppressor	0.33626480311232637	0.32713406141669876	0.33660113547097487
TCGA-AA-A02K-01A;PDE3A	PDE3A	TCGA-AA-A02K-01A	Neutral	Neutral	0.3430708334529506	0.3206308351177619	0.33629833142928744
TCGA-AA-A02K-01A;CDH1	CDH1	TCGA-AA-A02K-01A	Tumor suppressor	Tumor suppressor	0.19237180634056722	0.40052361250550944	0.4071045811539234
TCGA-AA-A02K-01A;ZNF626	ZNF626	TCGA-AA-A02K-01A	Neutral	Neutral	0.35114187115665596	0.32510324846817085	0.32375488037517314
TCGA-AA-A02K-01A;ASXL3	ASXL3	TCGA-AA-A02K-01A	Neutral	Neutral	0.348002844617355	0.3260712501161358	0.3259259052665091
TCGA-AA-A02K-01A;RIMBP2	RIMBP2	TCGA-AA-A02K-01A	Neutral	Neutral	0.3470409931852559	0.33029136255697134	0.3226676442577727
TCGA-AA-A02K-01A;CHD4	CHD4	TCGA-AA-A02K-01A	Oncogene	Oncogene	0.30143586448688203	0.3517770488991679	0.34678708661394997
TCGA-AA-A02K-01A;ARID2	ARID2	TCGA-AA-A02K-01A	Tumor suppressor	Tumor suppressor	0.3362057860647484	0.3194753933383166	0.344318820596935
TCGA-AA-A02K-01A;ADAM23	ADAM23	TCGA-AA-A02K-01A	Neutral	Neutral	0.3476292741869808	0.3289000227379269	0.3234707030750922
TCGA-AA-A02K-01A;APC	APC	TCGA-AA-A02K-01A	Tumor suppressor	Tumor suppressor	0.32037265146654503	0.32890388726317754	0.3507234612702774
TCGA-AA-A02K-01A;NRXN1	NRXN1	TCGA-AA-A02K-01A	Neutral	Neutral	0.34175346342373775	0.32980316969537415	0.3284433668808881
TCGA-AA-A02K-01A;CUBN	CUBN	TCGA-AA-A02K-01A	Neutral	Neutral	0.33845868589876266	0.3295078052998109	0.3320335088014265
TCGA-AA-A02K-01A;CNTN1	CNTN1	TCGA-AA-A02K-01A	Neutral	Neutral	0.34028129878277563	0.3397761643050843	0.3199425369121401
TCGA-AA-A02K-01A;KRAS	KRAS	TCGA-AA-A02K-01A	Oncogene	Tumor suppressor	0.1400814749914984	0.4153398038915547	0.44457872111694685
TCGA-DM-A1D4-01A;SPEG	SPEG	TCGA-DM-A1D4-01A	Neutral	Neutral	0.3577152098108559	0.3396092034142043	0.3026755867749397
TCGA-DM-A1D4-01A;GRIK5	GRIK5	TCGA-DM-A1D4-01A	Neutral	Neutral	0.35516124190413895	0.3459343527031142	0.2989044053927469
TCGA-DM-A1D4-01A;ANKS1B	ANKS1B	TCGA-DM-A1D4-01A	Neutral	Neutral	0.3588429727248246	0.3449657184282118	0.2961913088469636
TCGA-DM-A1D4-01A;FAT4	FAT4	TCGA-DM-A1D4-01A	Tumor suppressor	Neutral	0.3411222622428844	0.3223645129623565	0.33651322479475915
TCGA-DM-A1D4-01A;GRIN2A	GRIN2A	TCGA-DM-A1D4-01A	Tumor suppressor	Tumor suppressor	0.3324233024311101	0.33008022549451377	0.3374964720743761
TCGA-DM-A1D4-01A;RUNX1T1	RUNX1T1	TCGA-DM-A1D4-01A	Neutral	Neutral	0.3417667616292491	0.33047732177057715	0.32775591660017367
TCGA-DM-A1D4-01A;PTPRT	PTPRT	TCGA-DM-A1D4-01A	Tumor suppressor	Neutral	0.4424598637871241	0.16243863949703657	0.3951014967158394
TCGA-DM-A1D4-01A;ROBO2	ROBO2	TCGA-DM-A1D4-01A	Tumor suppressor	Tumor suppressor	0.3339658279720013	0.3265129668521235	0.33952120517587514
TCGA-DM-A1D4-01A;LRFN5	LRFN5	TCGA-DM-A1D4-01A	Neutral	Neutral	0.3453664167418337	0.3224723647156002	0.3321612185425661
TCGA-DM-A1D4-01A;EP400	EP400	TCGA-DM-A1D4-01A	Neutral	Tumor suppressor	0.33330780207909366	0.32480147333391285	0.34189072458699343
TCGA-DM-A1D4-01A;PROS1	PROS1	TCGA-DM-A1D4-01A	Neutral	Neutral	0.34143980270832097	0.3203156259526225	0.3382445713390565
TCGA-DM-A1D4-01A;FBLN2	FBLN2	TCGA-DM-A1D4-01A	Tumor suppressor	Neutral	0.3413523695683364	0.32065638485110315	0.3379912455805605
TCGA-DM-A1D4-01A;PIK3CA	PIK3CA	TCGA-DM-A1D4-01A	Oncogene	Tumor suppressor	0.13319716232401668	0.4015238166505277	0.46527902102545565
TCGA-DM-A1D4-01A;CDH2	CDH2	TCGA-DM-A1D4-01A	Neutral	Oncogene	0.33574139377127166	0.33713672293092933	0.32712188329779895
TCGA-DM-A1D4-01A;PDE1C	PDE1C	TCGA-DM-A1D4-01A	Neutral	Neutral	0.3440313630944344	0.3340411669922731	0.32192746991329246
TCGA-DM-A1D4-01A;CNTNAP2	CNTNAP2	TCGA-DM-A1D4-01A	Tumor suppressor	Neutral	0.3394974232954685	0.3246232154243402	0.33587936128019125
TCGA-DM-A1D4-01A;PCLO	PCLO	TCGA-DM-A1D4-01A	Neutral	Neutral	0.33960659267685134	0.3254337334880987	0.33495967383505
TCGA-DM-A1D4-01A;MTOR	MTOR	TCGA-DM-A1D4-01A	Oncogene	Tumor suppressor	0.15693156334722108	0.4027519982704277	0.4403164383823513
TCGA-DM-A1D4-01A;APC	APC	TCGA-DM-A1D4-01A	Tumor suppressor	Tumor suppressor	0.32027135626752967	0.3289790980564431	0.3507495456760273
TCGA-DM-A1D4-01A;KRAS	KRAS	TCGA-DM-A1D4-01A	Oncogene	Tumor suppressor	0.1400814749914984	0.4153398038915547	0.44457872111694685
TCGA-DM-A1D4-01A;SMAD4	SMAD4	TCGA-DM-A1D4-01A	Tumor suppressor	Tumor suppressor	0.18066988113299684	0.39188351582359077	0.4274466030434123
TCGA-AZ-6600-01A;FLNC	FLNC	TCGA-AZ-6600-01A	Neutral	Neutral	0.3750951950467856	0.295996718472803	0.3289080864804115
TCGA-AZ-6600-01A;MME	MME	TCGA-AZ-6600-01A	Neutral	Neutral	0.3508868945152274	0.3505290736905544	0.2985840317942182
TCGA-AZ-6600-01A;SYNE1	SYNE1	TCGA-AZ-6600-01A	Neutral	Neutral	0.344618680442902	0.3327628196914939	0.32261849986560404
TCGA-AZ-6600-01A;ABCD2	ABCD2	TCGA-AZ-6600-01A	Neutral	Neutral	0.3498630005386773	0.3367257591482561	0.31341124031306666
TCGA-AZ-6600-01A;FAT4	FAT4	TCGA-AZ-6600-01A	Tumor suppressor	Neutral	0.3411222622428844	0.3223645129623565	0.33651322479475915
TCGA-AZ-6600-01A;ZFHX3	ZFHX3	TCGA-AZ-6600-01A	Tumor suppressor	Tumor suppressor	0.3354152368581915	0.32224306100570377	0.3423417021361047
TCGA-AZ-6600-01A;PCDH9	PCDH9	TCGA-AZ-6600-01A	Neutral	Neutral	0.35114187115665596	0.32510324846817085	0.32375488037517314
TCGA-AZ-6600-01A;ROBO2	ROBO2	TCGA-AZ-6600-01A	Tumor suppressor	Tumor suppressor	0.33404742991064595	0.32657851417285094	0.33937405591650305
TCGA-AZ-6600-01A;TAF3	TAF3	TCGA-AZ-6600-01A	Neutral	Tumor suppressor	0.33274347268993754	0.32570645302423873	0.3415500742858238
TCGA-AZ-6600-01A;HECTD4	HECTD4	TCGA-AZ-6600-01A	Neutral	Neutral	0.3430636097163743	0.31852643704715805	0.3384099532364676
TCGA-AZ-6600-01A;RYR2	RYR2	TCGA-AZ-6600-01A	Neutral	Neutral	0.3436353593515515	0.33273852554769495	0.3236261151007536
TCGA-AZ-6600-01A;SMAD3	SMAD3	TCGA-AZ-6600-01A	Tumor suppressor	Tumor suppressor	0.14152861122402904	0.3934788921940243	0.46499249658194675
TCGA-AZ-6600-01A;APC	APC	TCGA-AZ-6600-01A	Tumor suppressor	Tumor suppressor	0.32037265146654503	0.32890388726317754	0.3507234612702774
TCGA-AZ-6600-01A;MAGI2	MAGI2	TCGA-AZ-6600-01A	Neutral	Neutral	0.33618956896103425	0.3314529584743851	0.3323574725645806
TCGA-AZ-6600-01A;SMAD2	SMAD2	TCGA-AZ-6600-01A	Tumor suppressor	Tumor suppressor	0.18409282068998106	0.3950276359720795	0.4208795433379394
TCGA-AZ-6600-01A;KRAS	KRAS	TCGA-AZ-6600-01A	Oncogene	Tumor suppressor	0.1400814749914984	0.4153398038915547	0.44457872111694685
TCGA-G4-6297-01A;PDZRN4	PDZRN4	TCGA-G4-6297-01A	Neutral	Neutral	0.358481027347902	0.3402152337017945	0.3013037389503035
TCGA-G4-6297-01A;GLI3	GLI3	TCGA-G4-6297-01A	Neutral	Neutral	0.3470255517904989	0.34448074082124497	0.3084937073882562
TCGA-G4-6297-01A;GRIK5	GRIK5	TCGA-G4-6297-01A	Neutral	Neutral	0.35516124190413895	0.3459343527031142	0.2989044053927469
TCGA-G4-6297-01A;ADAMTS12	ADAMTS12	TCGA-G4-6297-01A	Neutral	Neutral	0.3607166024937749	0.34523484776497015	0.294048549741255
TCGA-G4-6297-01A;PCDH17	PCDH17	TCGA-G4-6297-01A	Neutral	Neutral	0.3515564229375718	0.32440489880343254	0.3240386782589956
TCGA-G4-6297-01A;PCDHB16	PCDHB16	TCGA-G4-6297-01A	Neutral	Neutral	0.3494632686710996	0.32793748412066864	0.32259924720823174
TCGA-G4-6297-01A;NPR3	NPR3	TCGA-G4-6297-01A	Neutral	Neutral	0.34523487799041624	0.3294220799129251	0.3253430420966587
TCGA-G4-6297-01A;PIK3CA	PIK3CA	TCGA-G4-6297-01A	Oncogene	Tumor suppressor	0.13319716232401668	0.4015238166505277	0.46527902102545565
TCGA-G4-6297-01A;PEG3	PEG3	TCGA-G4-6297-01A	Neutral	Neutral	0.34241896933836397	0.32846541391470185	0.3291156167469342
TCGA-G4-6297-01A;MYD88	MYD88	TCGA-G4-6297-01A	Oncogene	Oncogene	0.3266079006988715	0.3373904228219306	0.3360016764791978
TCGA-G4-6297-01A;BIRC6	BIRC6	TCGA-G4-6297-01A	Neutral	Neutral	0.33577848188981807	0.3297358273665686	0.33448569074361334
TCGA-G4-6297-01A;APC	APC	TCGA-G4-6297-01A	Tumor suppressor	Tumor suppressor	0.32030922573889653	0.328915296137245	0.35077547812385845
TCGA-G4-6297-01A;KRAS	KRAS	TCGA-G4-6297-01A	Oncogene	Tumor suppressor	0.1400814749914984	0.4153398038915547	0.44457872111694685
TCGA-A6-2679-01A;ZFHX4	ZFHX4	TCGA-A6-2679-01A	Neutral	Neutral	0.3637561901810246	0.34473330685703907	0.29151050296193637
TCGA-A6-2679-01A;HMCN1	HMCN1	TCGA-A6-2679-01A	Neutral	Neutral	0.3475438692545779	0.33287217160652494	0.31958395913889714
TCGA-A6-2679-01A;ZNF831	ZNF831	TCGA-A6-2679-01A	Neutral	Neutral	0.35269245919915115	0.3365588755215535	0.31074866527929546
TCGA-A6-2679-01A;FAT4	FAT4	TCGA-A6-2679-01A	Tumor suppressor	Neutral	0.3411222622428844	0.3223645129623565	0.33651322479475915
TCGA-A6-2679-01A;ADCY1	ADCY1	TCGA-A6-2679-01A	Neutral	Oncogene	0.3396386329991903	0.34076879323245135	0.31959257376835837
TCGA-A6-2679-01A;BTBD11	BTBD11	TCGA-A6-2679-01A	Neutral	Neutral	0.34392169818157603	0.3232748229989387	0.33280347881948524
TCGA-A6-2679-01A;SEMA3D	SEMA3D	TCGA-A6-2679-01A	Neutral	Neutral	0.34840376076208057	0.3253541794964762	0.32624205974144316
TCGA-A6-2679-01A;C1S	C1S	TCGA-A6-2679-01A	Neutral	Neutral	0.3358372636178041	0.3295393743027426	0.3346233620794533
TCGA-A6-2679-01A;ZNF536	ZNF536	TCGA-A6-2679-01A	Neutral	Neutral	0.3480405858335224	0.32851665190537044	0.32344276226110724
TCGA-A6-2679-01A;APC	APC	TCGA-A6-2679-01A	Tumor suppressor	Tumor suppressor	0.32027135626752967	0.3289790980564431	0.3507495456760273
TCGA-A6-2679-01A;BRINP3	BRINP3	TCGA-A6-2679-01A	Neutral	Neutral	0.3400644684257795	0.32429705833541184	0.3356384732388087
TCGA-A6-2679-01A;MLLT10	MLLT10	TCGA-A6-2679-01A	Neutral	Neutral	0.3388092336693701	0.32490158503017674	0.33628918130045304
TCGA-NH-A8F7-01A;DSCAML1	DSCAML1	TCGA-NH-A8F7-01A	Neutral	Neutral	0.36151212617351625	0.3430557621165883	0.2954321117098955
TCGA-NH-A8F7-01A;THSD7A	THSD7A	TCGA-NH-A8F7-01A	Neutral	Neutral	0.35474741845041563	0.3341323058280176	0.31112027572156686
TCGA-NH-A8F7-01A;KCNT2	KCNT2	TCGA-NH-A8F7-01A	Neutral	Neutral	0.3897791704170202	0.2778388771300221	0.3323819524529577
TCGA-NH-A8F7-01A;CEBPA	CEBPA	TCGA-NH-A8F7-01A	Tumor suppressor	Tumor suppressor	0.32157754947219336	0.3317062692382925	0.34671618128951415
TCGA-NH-A8F7-01A;NRK	NRK	TCGA-NH-A8F7-01A	Neutral	Neutral	0.3488754881429432	0.3151770814853353	0.3359474303717215
TCGA-NH-A8F7-01A;PDZD2	PDZD2	TCGA-NH-A8F7-01A	Neutral	Neutral	0.34939702129530714	0.3235916212764412	0.3270113574282516
TCGA-NH-A8F7-01A;BRWD3	BRWD3	TCGA-NH-A8F7-01A	Neutral	Neutral	0.34356803153086213	0.3187609192840701	0.33767104918506774
TCGA-NH-A8F7-01A;PCSK5	PCSK5	TCGA-NH-A8F7-01A	Neutral	Neutral	0.3397187513663088	0.3252980134620116	0.3349832351716796
TCGA-NH-A8F7-01A;BARD1	BARD1	TCGA-NH-A8F7-01A	Tumor suppressor	Tumor suppressor	0.3303710454749683	0.3292528264783944	0.3403761280466374
TCGA-NH-A8F7-01A;ANKRD11	ANKRD11	TCGA-NH-A8F7-01A	Neutral	Neutral	0.34165860117312413	0.32063820298695556	0.3377031958399203
TCGA-NH-A8F7-01A;RYR2	RYR2	TCGA-NH-A8F7-01A	Neutral	Neutral	0.3436353593515515	0.33273852554769495	0.3236261151007536
TCGA-NH-A8F7-01A;RIMBP2	RIMBP2	TCGA-NH-A8F7-01A	Neutral	Neutral	0.3470409931852559	0.33029136255697134	0.3226676442577727
TCGA-NH-A8F7-01A;PREX2	PREX2	TCGA-NH-A8F7-01A	Oncogene	Neutral	0.33960997183877356	0.3336241096080054	0.326765918553221
TCGA-NH-A8F7-01A;APC	APC	TCGA-NH-A8F7-01A	Tumor suppressor	Tumor suppressor	0.32037265146654503	0.32890388726317754	0.3507234612702774
TCGA-NH-A8F7-01A;FBN2	FBN2	TCGA-NH-A8F7-01A	Neutral	Neutral	0.34432126092959503	0.33047471731639033	0.3252040217540147
TCGA-A6-2682-01A;NBEA	NBEA	TCGA-A6-2682-01A	Neutral	Neutral	0.3488842263304366	0.3347546899574759	0.31636108371208754
TCGA-A6-2682-01A;FZD10	FZD10	TCGA-A6-2682-01A	Neutral	Neutral	0.4371501200065476	0.1682246842234553	0.39462519576999705
TCGA-A6-2682-01A;PTEN	PTEN	TCGA-A6-2682-01A	Tumor suppressor	Tumor suppressor	0.152649739634415	0.40255125888263876	0.4447990014829462
TCGA-A6-2682-01A;APC	APC	TCGA-A6-2682-01A	Tumor suppressor	Tumor suppressor	0.32030922573889653	0.328915296137245	0.35077547812385845
TCGA-A6-2682-01A;ARFGEF1	ARFGEF1	TCGA-A6-2682-01A	Neutral	Tumor suppressor	0.33181617844264055	0.329619243365617	0.33856457819174246
TCGA-A6-2682-01A;HDX	HDX	TCGA-A6-2682-01A	Neutral	Neutral	0.3465063196323107	0.33160263604712975	0.3218910443205595
TCGA-A6-2682-01A;SMAD4	SMAD4	TCGA-A6-2682-01A	Tumor suppressor	Tumor suppressor	0.18060350269304942	0.3931242687181224	0.4262722285888282
TCGA-AZ-6599-01A;TNC	TNC	TCGA-AZ-6599-01A	Oncogene	Oncogene	0.3438520949614969	0.35620345663328595	0.2999444484052171
TCGA-AZ-6599-01A;EPHA6	EPHA6	TCGA-AZ-6599-01A	Neutral	Neutral	0.34880185660599344	0.3442445286206377	0.30695361477336885
TCGA-AZ-6599-01A;PLCB1	PLCB1	TCGA-AZ-6599-01A	Neutral	Neutral	0.34107429120155414	0.33862147336910364	0.3203042354293422
TCGA-AZ-6599-01A;NCKAP5	NCKAP5	TCGA-AZ-6599-01A	Neutral	Neutral	0.3467063539744429	0.32972768815895453	0.3235659578666026
TCGA-AZ-6599-01A;SYNE1	SYNE1	TCGA-AZ-6599-01A	Neutral	Neutral	0.3443373238912629	0.3325324584361674	0.3231302176725696
TCGA-AZ-6599-01A;HMCN1	HMCN1	TCGA-AZ-6599-01A	Neutral	Neutral	0.34716143145414585	0.3324959225359437	0.3203426460099105
TCGA-AZ-6599-01A;RUNX1T1	RUNX1T1	TCGA-AZ-6599-01A	Neutral	Neutral	0.3413600005727552	0.3301734805569908	0.3284665188702539
TCGA-AZ-6599-01A;LAMA4	LAMA4	TCGA-AZ-6599-01A	Neutral	Tumor suppressor	0.3364017968425411	0.32616700261816955	0.3374312005392893
TCGA-AZ-6599-01A;SDHD	SDHD	TCGA-AZ-6599-01A	Tumor suppressor	Neutral	0.3350363774198207	0.33189316662492035	0.33307045595525897
TCGA-AZ-6599-01A;GRIK3	GRIK3	TCGA-AZ-6599-01A	Neutral	Neutral	0.3454410900197147	0.32461862373750977	0.3299402862427755
TCGA-AZ-6599-01A;BRCA2	BRCA2	TCGA-AZ-6599-01A	Tumor suppressor	Neutral	0.3366101609654734	0.33067776569526286	0.3327120733392637
TCGA-AZ-6599-01A;PTPRC	PTPRC	TCGA-AZ-6599-01A	Tumor suppressor	Tumor suppressor	0.3350744858871191	0.3268025535675162	0.3381229605453647
TCGA-AZ-6599-01A;ABCA1	ABCA1	TCGA-AZ-6599-01A	Neutral	Tumor suppressor	0.3290098818730544	0.33063027628113967	0.340359841845806
TCGA-AZ-6599-01A;TRPC4	TRPC4	TCGA-AZ-6599-01A	Neutral	Neutral	0.3877611075232867	0.27902146956742124	0.333217422909292
TCGA-AZ-6599-01A;VPS13D	VPS13D	TCGA-AZ-6599-01A	Neutral	Neutral	0.33857268371288207	0.3243439740237915	0.3370833422633265
TCGA-AZ-6599-01A;PCLO	PCLO	TCGA-AZ-6599-01A	Neutral	Neutral	0.3391714394163136	0.32498088470622627	0.33584767587746
TCGA-AZ-6599-01A;COL14A1	COL14A1	TCGA-AZ-6599-01A	Neutral	Neutral	0.33680187289512953	0.3300610099600957	0.3331371171447749
TCGA-AZ-6599-01A;RBM10	RBM10	TCGA-AZ-6599-01A	Tumor suppressor	Neutral	0.3364079602088349	0.32966913070777554	0.33392290908338956
TCGA-AZ-6599-01A;PHACTR4	PHACTR4	TCGA-AZ-6599-01A	Neutral	Neutral	0.3364865923117775	0.3274647145649777	0.33604869312324476
TCGA-AZ-6599-01A;BAP1	BAP1	TCGA-AZ-6599-01A	Tumor suppressor	Tumor suppressor	0.3275533219612193	0.3312516213534908	0.3411950566852898
TCGA-AZ-6599-01A;PIK3C2B	PIK3C2B	TCGA-AZ-6599-01A	Neutral	Tumor suppressor	0.32875640029965847	0.3326204377270834	0.33862316197325826
TCGA-AZ-6599-01A;VHL	VHL	TCGA-AZ-6599-01A	Tumor suppressor	Tumor suppressor	0.3295593632140687	0.3316486139612421	0.3387920228246892
TCGA-AZ-6599-01A;GNAS	GNAS	TCGA-AZ-6599-01A	Oncogene	Oncogene	0.2331857139207051	0.3899355409397748	0.3768787451395202
TCGA-AZ-6599-01A;KIAA1109	KIAA1109	TCGA-AZ-6599-01A	Neutral	Tumor suppressor	0.3368566165413785	0.3236682790031248	0.3394751044554967
TCGA-AZ-6599-01A;KRAS	KRAS	TCGA-AZ-6599-01A	Oncogene	Tumor suppressor	0.14008101428176523	0.41524955442636724	0.4446694312918675
TCGA-CK-6746-01A;MGAM	MGAM	TCGA-CK-6746-01A	Neutral	Neutral	0.3453254096119376	0.33122504067041525	0.32344954971764717
TCGA-CK-6746-01A;LRP4	LRP4	TCGA-CK-6746-01A	Neutral	Neutral	0.3410934464318428	0.32659912784405576	0.3323074257241013
TCGA-CK-6746-01A;EPHA6	EPHA6	TCGA-CK-6746-01A	Neutral	Neutral	0.34880185660599344	0.3442445286206377	0.30695361477336885
TCGA-CK-6746-01A;RYR3	RYR3	TCGA-CK-6746-01A	Neutral	Neutral	0.3635612684239894	0.3448091964924721	0.29162953508353845
TCGA-CK-6746-01A;ZFHX4	ZFHX4	TCGA-CK-6746-01A	Neutral	Neutral	0.3637561901810246	0.34473330685703907	0.29151050296193637
TCGA-CK-6746-01A;CPXM2	CPXM2	TCGA-CK-6746-01A	Neutral	Neutral	0.3577152098108559	0.3396092034142043	0.3026755867749397
TCGA-CK-6746-01A;CACNA2D1	CACNA2D1	TCGA-CK-6746-01A	Neutral	Neutral	0.3524713957728426	0.3388061947401524	0.308722409487005
TCGA-CK-6746-01A;GRM8	GRM8	TCGA-CK-6746-01A	Neutral	Neutral	0.3585410375922837	0.34624950906539753	0.2952094533423188
TCGA-CK-6746-01A;SLCO5A1	SLCO5A1	TCGA-CK-6746-01A	Neutral	Neutral	0.35693605028088793	0.3350471432657945	0.30801680645331764
TCGA-CK-6746-01A;NCKAP5	NCKAP5	TCGA-CK-6746-01A	Neutral	Neutral	0.3467063539744429	0.32972768815895453	0.3235659578666026
TCGA-CK-6746-01A;ADAM19	ADAM19	TCGA-CK-6746-01A	Neutral	Neutral	0.3468210855090406	0.32807306189305807	0.32510585259790137
TCGA-CK-6746-01A;NOVA1	NOVA1	TCGA-CK-6746-01A	Neutral	Neutral	0.3524146514709387	0.33297986931371826	0.31460547921534304
TCGA-CK-6746-01A;COL12A1	COL12A1	TCGA-CK-6746-01A	Neutral	Neutral	0.34486151696143885	0.3316763938604958	0.3234620891780653
TCGA-CK-6746-01A;DGKI	DGKI	TCGA-CK-6746-01A	Neutral	Neutral	0.4492225888055771	0.16806888926186184	0.3827085219325611
TCGA-CK-6746-01A;SYNE1	SYNE1	TCGA-CK-6746-01A	Neutral	Neutral	0.3443373238912629	0.3325324584361674	0.3231302176725696
TCGA-CK-6746-01A;HMCN1	HMCN1	TCGA-CK-6746-01A	Neutral	Neutral	0.34716143145414585	0.3324959225359437	0.3203426460099105
TCGA-CK-6746-01A;CDH17	CDH17	TCGA-CK-6746-01A	Oncogene	Oncogene	0.2759929903137321	0.36718324221695786	0.3568237674693099
TCGA-CK-6746-01A;NR4A2	NR4A2	TCGA-CK-6746-01A	Neutral	Tumor suppressor	0.33432920406904343	0.32432546347119395	0.3413453324597627
TCGA-CK-6746-01A;THSD7A	THSD7A	TCGA-CK-6746-01A	Neutral	Neutral	0.3495350876020291	0.3289969325711525	0.3214679798268185
TCGA-CK-6746-01A;ARAP3	ARAP3	TCGA-CK-6746-01A	Neutral	Neutral	0.3409094517869227	0.31993361916132057	0.3391569290517566
TCGA-CK-6746-01A;ZNF831	ZNF831	TCGA-CK-6746-01A	Neutral	Neutral	0.3475975405035758	0.33127568922379486	0.32112677027262954
TCGA-CK-6746-01A;GRIN2A	GRIN2A	TCGA-CK-6746-01A	Tumor suppressor	Tumor suppressor	0.3323341352227039	0.3300357107063916	0.3376301540709045
TCGA-CK-6746-01A;ERBB3	ERBB3	TCGA-CK-6746-01A	Oncogene	Oncogene	0.31841177257062414	0.34378851084790807	0.33779971658146773
TCGA-CK-6746-01A;TCF4	TCF4	TCGA-CK-6746-01A	Neutral	Tumor suppressor	0.33178490558470775	0.33139675480082065	0.33681833961447155
TCGA-CK-6746-01A;MYCBP2	MYCBP2	TCGA-CK-6746-01A	Neutral	Neutral	0.3369769256041935	0.32642725583031185	0.33659581856549464
TCGA-CK-6746-01A;GRID1	GRID1	TCGA-CK-6746-01A	Neutral	Neutral	0.34614941885926187	0.3337239436788165	0.3201266374619215
TCGA-CK-6746-01A;PDE10A	PDE10A	TCGA-CK-6746-01A	Neutral	Neutral	0.35258866300423086	0.3252361327910462	0.32217520420472284
TCGA-CK-6746-01A;RUNX1T1	RUNX1T1	TCGA-CK-6746-01A	Neutral	Neutral	0.3413600005727552	0.3301734805569908	0.3284665188702539
TCGA-CK-6746-01A;LAMA4	LAMA4	TCGA-CK-6746-01A	Neutral	Tumor suppressor	0.3364017968425411	0.32616700261816955	0.3374312005392893
TCGA-CK-6746-01A;CACNB2	CACNB2	TCGA-CK-6746-01A	Neutral	Tumor suppressor	0.3354585637553888	0.32809665057131276	0.3364447856732985
TCGA-CK-6746-01A;CEP170	CEP170	TCGA-CK-6746-01A	Neutral	Neutral	0.34450089376641324	0.32685259968309927	0.32864650655048744
TCGA-CK-6746-01A;AR	AR	TCGA-CK-6746-01A	Oncogene	Tumor suppressor	0.16130989679758917	0.4108188230438447	0.42787128015856624
TCGA-CK-6746-01A;ATRX	ATRX	TCGA-CK-6746-01A	Tumor suppressor	Tumor suppressor	0.3409650234460301	0.31456936622936515	0.34446561032460477
TCGA-CK-6746-01A;EBF3	EBF3	TCGA-CK-6746-01A	Neutral	Neutral	0.34789187645219666	0.31725473564254875	0.33485338790525454
TCGA-CK-6746-01A;SDHD	SDHD	TCGA-CK-6746-01A	Tumor suppressor	Neutral	0.3350363774198207	0.33189316662492035	0.33307045595525897
TCGA-CK-6746-01A;ATM	ATM	TCGA-CK-6746-01A	Tumor suppressor	Tumor suppressor	0.30111452959312623	0.3362514826777807	0.36263398772909305
TCGA-CK-6746-01A;THBS2	THBS2	TCGA-CK-6746-01A	Neutral	Neutral	0.34314068930775615	0.3204070181293928	0.3364522925628511
TCGA-CK-6746-01A;CD28	CD28	TCGA-CK-6746-01A	Oncogene	Neutral	0.34203160428423823	0.3347709866325636	0.32319740908319816
TCGA-CK-6746-01A;RAG1	RAG1	TCGA-CK-6746-01A	Neutral	Neutral	0.3432601810383174	0.3373626175503449	0.31937720141133763
TCGA-CK-6746-01A;KMT2C	KMT2C	TCGA-CK-6746-01A	Tumor suppressor	Tumor suppressor	0.3293724684447043	0.3276932484298612	0.34293428312543456
TCGA-CK-6746-01A;PTPN11	PTPN11	TCGA-CK-6746-01A	Oncogene	Tumor suppressor	0.14203521495394744	0.39672372380726806	0.4612410612387845
TCGA-CK-6746-01A;SLIT3	SLIT3	TCGA-CK-6746-01A	Neutral	Neutral	0.3409883159736594	0.321558126890775	0.3374535571355656
TCGA-CK-6746-01A;PDZD2	PDZD2	TCGA-CK-6746-01A	Neutral	Neutral	0.34939702129530714	0.3235916212764412	0.3270113574282516
TCGA-CK-6746-01A;ROBO1	ROBO1	TCGA-CK-6746-01A	Neutral	Tumor suppressor	0.3297539553486619	0.3276686923683394	0.3425773522829987
TCGA-CK-6746-01A;SALL2	SALL2	TCGA-CK-6746-01A	Neutral	Neutral	0.3459586518777444	0.32430062674372556	0.32974072137852983
TCGA-CK-6746-01A;KDM5C	KDM5C	TCGA-CK-6746-01A	Tumor suppressor	Neutral	0.3360595159167753	0.3301196054199004	0.3338208786633244
TCGA-CK-6746-01A;EXT2	EXT2	TCGA-CK-6746-01A	Tumor suppressor	Neutral	0.33464496767293006	0.33112030971198403	0.3342347226150859
TCGA-CK-6746-01A;CHD7	CHD7	TCGA-CK-6746-01A	Neutral	Neutral	0.3405622471111981	0.3218646604531016	0.33757309243570033
TCGA-CK-6746-01A;NTRK2	NTRK2	TCGA-CK-6746-01A	Neutral	Tumor suppressor	0.32948993023249856	0.33505078698838753	0.33545928277911385
TCGA-CK-6746-01A;TSC1	TSC1	TCGA-CK-6746-01A	Tumor suppressor	Tumor suppressor	0.3279668444949554	0.3285685920622784	0.3434645634427662
TCGA-CK-6746-01A;LRFN5	LRFN5	TCGA-CK-6746-01A	Neutral	Neutral	0.3453664167418337	0.3224723647156002	0.3321612185425661
TCGA-CK-6746-01A;TBC1D22A	TBC1D22A	TCGA-CK-6746-01A	Neutral	Neutral	0.33900840302655644	0.32424499884365404	0.3367465981297896
TCGA-CK-6746-01A;BRWD3	BRWD3	TCGA-CK-6746-01A	Neutral	Neutral	0.3433738746506584	0.3187918591474942	0.3378342662018474
TCGA-CK-6746-01A;SCN9A	SCN9A	TCGA-CK-6746-01A	Neutral	Neutral	0.3432990595550118	0.31910669335325115	0.33759424709173713
TCGA-CK-6746-01A;SETD1B	SETD1B	TCGA-CK-6746-01A	Tumor suppressor	Tumor suppressor	0.33368180249031465	0.31915036817934533	0.34716782933034
TCGA-CK-6746-01A;EP400	EP400	TCGA-CK-6746-01A	Neutral	Tumor suppressor	0.3328550186744419	0.32510350537336763	0.3420414759521904
TCGA-CK-6746-01A;PLEKHA7	PLEKHA7	TCGA-CK-6746-01A	Neutral	Tumor suppressor	0.32864238497224046	0.33334598274585786	0.3380116322819016
TCGA-CK-6746-01A;IDH2	IDH2	TCGA-CK-6746-01A	Oncogene	Tumor suppressor	0.3315981710172247	0.33293252603599266	0.3354693029467827
TCGA-CK-6746-01A;BRCA2	BRCA2	TCGA-CK-6746-01A	Tumor suppressor	Neutral	0.3364905823853922	0.3306162994355783	0.33289311817902956
TCGA-CK-6746-01A;NPR3	NPR3	TCGA-CK-6746-01A	Neutral	Neutral	0.3453280844546086	0.3295295605089663	0.3251423550364251
TCGA-CK-6746-01A;SRGAP3	SRGAP3	TCGA-CK-6746-01A	Neutral	Neutral	0.34413804537928716	0.33019794830749677	0.325664006313216
TCGA-CK-6746-01A;SLC4A4	SLC4A4	TCGA-CK-6746-01A	Neutral	Tumor suppressor	0.3318616566672547	0.33359756398899665	0.3345407793437486
TCGA-CK-6746-01A;PARD3B	PARD3B	TCGA-CK-6746-01A	Neutral	Neutral	0.3403670241032649	0.32276335677750134	0.33686961911923363
TCGA-CK-6746-01A;ARID1B	ARID1B	TCGA-CK-6746-01A	Tumor suppressor	Tumor suppressor	0.33320600729297845	0.32348373040345874	0.3433102623035628
TCGA-CK-6746-01A;HERC2	HERC2	TCGA-CK-6746-01A	Neutral	Tumor suppressor	0.333864856889653	0.3284135517880159	0.3377215913223311
TCGA-CK-6746-01A;SPEN	SPEN	TCGA-CK-6746-01A	Tumor suppressor	Tumor suppressor	0.3362325377537638	0.3221159730806266	0.34165148916560956
TCGA-CK-6746-01A;DNAH3	DNAH3	TCGA-CK-6746-01A	Neutral	Neutral	0.34336758481643004	0.33612815148513325	0.32050426369843665
TCGA-CK-6746-01A;CASZ1	CASZ1	TCGA-CK-6746-01A	Neutral	Neutral	0.3424257569090029	0.31890179594216994	0.33867244714882705
TCGA-CK-6746-01A;PBRM1	PBRM1	TCGA-CK-6746-01A	Tumor suppressor	Tumor suppressor	0.3313325619802893	0.3218326488677278	0.34683478915198285
TCGA-CK-6746-01A;ACACA	ACACA	TCGA-CK-6746-01A	Neutral	Tumor suppressor	0.33484627419996105	0.32664910118791923	0.33850462461211983
TCGA-CK-6746-01A;NCAM1	NCAM1	TCGA-CK-6746-01A	Neutral	Tumor suppressor	0.33194834900174097	0.332813564088703	0.33523808690955603
TCGA-CK-6746-01A;ADAMTSL1	ADAMTSL1	TCGA-CK-6746-01A	Neutral	Neutral	0.3403445822598387	0.32500869807498567	0.33464671966517556
TCGA-CK-6746-01A;ANKRD11	ANKRD11	TCGA-CK-6746-01A	Neutral	Neutral	0.33897493054735284	0.32396919570419225	0.3370558737484549
TCGA-CK-6746-01A;HNF1A	HNF1A	TCGA-CK-6746-01A	Tumor suppressor	Oncogene	0.32603054531442943	0.3371265760407084	0.33684287864486223
