	genes	Tumor_Sample_Barcode	Label	Predicted label	Probability_Neutral	Probability_Oncogene	Probability_Tumor suppressor
TCGA-A7-A425-01A;CDH1	CDH1	TCGA-A7-A425-01A	Tumor suppressor	Tumor suppressor	0.03544911609252359	0.10937747568389372	0.8551734082235835
TCGA-A8-A0A7-01A;ANO3	ANO3	TCGA-A8-A0A7-01A	Neutral	Neutral	0.8464214246978501	0.0691849776981107	0.08439359760403957
TCGA-A8-A0A7-01A;COL1A2	COL1A2	TCGA-A8-A0A7-01A	Neutral	Neutral	0.37466846770688655	0.3458748593161841	0.2794566729769292
TCGA-A8-A0A7-01A;GUCY1A2	GUCY1A2	TCGA-A8-A0A7-01A	Neutral	Neutral	0.7935353968051656	0.07805997565938305	0.12840462753545173
TCGA-A8-A0A7-01A;RYR3	RYR3	TCGA-A8-A0A7-01A	Neutral	Neutral	0.5014807287488899	0.1613481245873069	0.3371711466638037
TCGA-A8-A0A7-01A;ROR2	ROR2	TCGA-A8-A0A7-01A	Neutral	Tumor suppressor	0.2870503698790537	0.18055024347809898	0.5323993866428471
TCGA-A8-A0A7-01A;PIK3CA	PIK3CA	TCGA-A8-A0A7-01A	Oncogene	Oncogene	0.007614072378160386	0.9851381710962597	0.00724775652557995
TCGA-A8-A0A7-01A;BIRC6	BIRC6	TCGA-A8-A0A7-01A	Neutral	Neutral	0.7123474759208357	0.09494108400076728	0.19271144007839733
TCGA-A8-A0A7-01A;TCF4	TCF4	TCGA-A8-A0A7-01A	Neutral	Tumor suppressor	0.19225214116662598	0.18118045092552668	0.6265674079078466
TCGA-A8-A0A7-01A;ZFHX4	ZFHX4	TCGA-A8-A0A7-01A	Neutral	Neutral	0.7671898615979974	0.08456774241509243	0.1482423959869102
TCGA-A8-A0A7-01A;FAT1	FAT1	TCGA-A8-A0A7-01A	Tumor suppressor	Tumor suppressor	0.276082111004858	0.20764098373127665	0.516276905263865
TCGA-A8-A0A7-01A;RIMS2	RIMS2	TCGA-A8-A0A7-01A	Neutral	Neutral	0.852773781744614	0.06938502574278033	0.0778411925126056
TCGA-A8-A0A7-01A;ADAMTS12	ADAMTS12	TCGA-A8-A0A7-01A	Neutral	Neutral	0.787415680386504	0.08885893228757458	0.12372538732592174
TCGA-A8-A0A7-01A;TRIO	TRIO	TCGA-A8-A0A7-01A	Neutral	Tumor suppressor	0.30319263388017414	0.2033351960147258	0.49347217010509997
TCGA-A8-A0A7-01A;FAT4	FAT4	TCGA-A8-A0A7-01A	Tumor suppressor	Neutral	0.6724696225302923	0.07592447431885106	0.2516059031508565
TCGA-A8-A0A7-01A;ZNF148	ZNF148	TCGA-A8-A0A7-01A	Neutral	Neutral	0.7061110058571255	0.08351179379277628	0.21037720035009833
TCGA-A8-A0A7-01A;CDH1	CDH1	TCGA-A8-A0A7-01A	Tumor suppressor	Tumor suppressor	0.03544911609252359	0.10937747568389372	0.8551734082235835
TCGA-A8-A0A7-01A;TECTA	TECTA	TCGA-A8-A0A7-01A	Neutral	Neutral	0.8522793699640375	0.06894234904556133	0.07877828099040107
TCGA-A8-A0A7-01A;FBN2	FBN2	TCGA-A8-A0A7-01A	Neutral	Neutral	0.8427754224508172	0.07481683536654746	0.08240774218263557
TCGA-A8-A0A7-01A;OVGP1	OVGP1	TCGA-A8-A0A7-01A	Neutral	Neutral	0.8127700736503919	0.0956377290295582	0.09159219732004988
TCGA-A8-A0A7-01A;ERBB3	ERBB3	TCGA-A8-A0A7-01A	Oncogene	Oncogene	0.12511629371165509	0.7627678662749895	0.11211584001335577
TCGA-A8-A0A7-01A;ZNF800	ZNF800	TCGA-A8-A0A7-01A	Neutral	Neutral	0.7651957418979749	0.08481109864681843	0.14999315945520678
TCGA-A8-A0A7-01A;GPRASP2	GPRASP2	TCGA-A8-A0A7-01A	Neutral	Neutral	0.7647995504680853	0.085292789673918	0.14990765985799692
TCGA-A8-A0A7-01A;PIK3CB	PIK3CB	TCGA-A8-A0A7-01A	Oncogene	Tumor suppressor	0.0819218197940685	0.40304892670546627	0.5150292535004651
TCGA-A8-A0A7-01A;NCAM1	NCAM1	TCGA-A8-A0A7-01A	Neutral	Oncogene	0.31988581470867444	0.5092088284695092	0.17090535682181662
TCGA-A8-A0A7-01A;BLM	BLM	TCGA-A8-A0A7-01A	Tumor suppressor	Tumor suppressor	0.09212015980373015	0.32891424765331034	0.5789655925429597
TCGA-A8-A0A7-01A;ARAP3	ARAP3	TCGA-A8-A0A7-01A	Neutral	Tumor suppressor	0.3755360598252366	0.1891394063823466	0.43532453379241715
TCGA-A8-A0A7-01A;KDM5C	KDM5C	TCGA-A8-A0A7-01A	Tumor suppressor	Neutral	0.5902990649960649	0.08553625255932967	0.3241646824446058
TCGA-A8-A0A7-01A;CAMTA1	CAMTA1	TCGA-A8-A0A7-01A	Neutral	Neutral	0.7593640047471448	0.08464728716001939	0.15598870809283594
TCGA-A8-A0A7-01A;CTNND2	CTNND2	TCGA-A8-A0A7-01A	Oncogene	Neutral	0.7491333511106463	0.09307298278817061	0.15779366610118337
TCGA-A8-A0A7-01A;BRCA2	BRCA2	TCGA-A8-A0A7-01A	Tumor suppressor	Tumor suppressor	0.11948185786312339	0.20217676953013214	0.6783413726067443
TCGA-A8-A0A7-01A;ZNF91	ZNF91	TCGA-A8-A0A7-01A	Neutral	Neutral	0.7632072081010927	0.08483931571776027	0.15195347618114724
TCGA-A8-A0A7-01A;NBEA	NBEA	TCGA-A8-A0A7-01A	Neutral	Neutral	0.44314905735313886	0.16969059903146147	0.3871603436154003
TCGA-A8-A0A7-01A;ROBO1	ROBO1	TCGA-A8-A0A7-01A	Neutral	Tumor suppressor	0.192327054305392	0.18724141047674517	0.6204315352178621
TCGA-A8-A0A7-01A;SLC8A1	SLC8A1	TCGA-A8-A0A7-01A	Neutral	Neutral	0.45969781748204086	0.16793139806148516	0.3723707844564743
TCGA-A8-A0A7-01A;LRRIQ1	LRRIQ1	TCGA-A8-A0A7-01A	Neutral	Neutral	0.8505665815792751	0.0702244752185833	0.07920894320214157
TCGA-D8-A1XY-01A;CSMD1	CSMD1	TCGA-D8-A1XY-01A	Neutral	Neutral	0.8539482314616335	0.06831002050225381	0.07774174803611299
TCGA-D8-A1XY-01A;PIK3CA	PIK3CA	TCGA-D8-A1XY-01A	Oncogene	Oncogene	0.007614072378160386	0.9851381710962597	0.00724775652557995
TCGA-D8-A1XY-01A;SCN9A	SCN9A	TCGA-D8-A1XY-01A	Neutral	Neutral	0.849960431141435	0.06965855162285856	0.08038101723570654
TCGA-D8-A1XY-01A;EPHB1	EPHB1	TCGA-D8-A1XY-01A	Neutral	Oncogene	0.29423821556486357	0.45716331468311217	0.2485984697520246
TCGA-D8-A1XY-01A;MGAM	MGAM	TCGA-D8-A1XY-01A	Neutral	Neutral	0.864211100845913	0.07314977344588482	0.06263912570820176
TCGA-D8-A1XY-01A;ANTXR1	ANTXR1	TCGA-D8-A1XY-01A	Neutral	Neutral	0.7138191751514534	0.08499111658687397	0.20118970826167265
TCGA-D8-A1XT-01A;FLG	FLG	TCGA-D8-A1XT-01A	Neutral	Neutral	0.8392274449006515	0.08130353599676973	0.07946901910257897
TCGA-D8-A1XT-01A;BCL9	BCL9	TCGA-D8-A1XT-01A	Neutral	Tumor suppressor	0.13955216010389132	0.11411410769444062	0.7463337322016683
TCGA-D8-A1XT-01A;PCDH10	PCDH10	TCGA-D8-A1XT-01A	Neutral	Neutral	0.8522793699640375	0.06894234904556133	0.07877828099040107
TCGA-D8-A1XT-01A;FGFR4	FGFR4	TCGA-D8-A1XT-01A	Oncogene	Oncogene	0.32104611075589023	0.474896680141447	0.20405720910266317
TCGA-D8-A1XT-01A;SPEF2	SPEF2	TCGA-D8-A1XT-01A	Neutral	Neutral	0.7671030220450321	0.08518672190047775	0.14771025605449037
TCGA-A7-A0CJ-01A;CYP26B1	CYP26B1	TCGA-A7-A0CJ-01A	Neutral	Neutral	0.7783772823365169	0.09290150497896792	0.1287212126845155
TCGA-A7-A0CJ-01A;PCDHGA3	PCDHGA3	TCGA-A7-A0CJ-01A	Neutral	Neutral	0.8568721327087802	0.06780465095222966	0.07532321633899043
TCGA-A7-A0CJ-01A;PIK3CA	PIK3CA	TCGA-A7-A0CJ-01A	Oncogene	Oncogene	0.007614072378160386	0.9851381710962597	0.00724775652557995
TCGA-A7-A0CJ-01A;PRDM2	PRDM2	TCGA-A7-A0CJ-01A	Tumor suppressor	Neutral	0.7066966632076073	0.08323961643165984	0.21006372036073298
TCGA-A7-A0CJ-01A;MED12	MED12	TCGA-A7-A0CJ-01A	Tumor suppressor	Tumor suppressor	0.19719656119039236	0.19802472414605157	0.6047787146635563
TCGA-A7-A0CJ-01A;ARID1B	ARID1B	TCGA-A7-A0CJ-01A	Tumor suppressor	Tumor suppressor	0.20226108920883173	0.15265622753822636	0.6450826832529416
TCGA-A7-A0CJ-01A;MUC16	MUC16	TCGA-A7-A0CJ-01A	Oncogene	Oncogene	0.007614072378160386	0.9851381710962597	0.00724775652557995
TCGA-A7-A0CJ-01A;CBLB	CBLB	TCGA-A7-A0CJ-01A	Tumor suppressor	Tumor suppressor	0.11815459663974201	0.12959876342467738	0.7522466399355808
TCGA-A7-A0CJ-01A;LRP12	LRP12	TCGA-A7-A0CJ-01A	Neutral	Neutral	0.46353451423027175	0.37218101227268263	0.16428447349704509
TCGA-BH-A0DV-01A;PIK3CA	PIK3CA	TCGA-BH-A0DV-01A	Oncogene	Oncogene	0.007614072378160386	0.9851381710962597	0.00724775652557995
TCGA-BH-A0DV-01A;KMT2C	KMT2C	TCGA-BH-A0DV-01A	Tumor suppressor	Tumor suppressor	0.11029030744716431	0.10801380308306201	0.7816958894697742
TCGA-BH-A18S-01A;LAMA2	LAMA2	TCGA-BH-A18S-01A	Neutral	Oncogene	0.2905123248065626	0.41796514623520553	0.291522528958232
TCGA-BH-A18S-01A;SYNE1	SYNE1	TCGA-BH-A18S-01A	Neutral	Neutral	0.7316405086854085	0.08957048071603642	0.1787890105985555
TCGA-BH-A18S-01A;KRAS	KRAS	TCGA-BH-A18S-01A	Oncogene	Oncogene	0.009425430835886065	0.9476590962130557	0.04291547295105863
TCGA-BH-A18S-01A;HDX	HDX	TCGA-BH-A18S-01A	Neutral	Neutral	0.8488807911750523	0.06939119217230713	0.08172801665264061
TCGA-E2-A15C-01A;PIK3CA	PIK3CA	TCGA-E2-A15C-01A	Oncogene	Oncogene	0.007614072378160386	0.9851381710962597	0.00724775652557995
TCGA-E2-A15C-01A;PTPRD	PTPRD	TCGA-E2-A15C-01A	Tumor suppressor	Tumor suppressor	0.4329978580914132	0.07963716084465186	0.4873649810639355
TCGA-E2-A15C-01A;AMPH	AMPH	TCGA-E2-A15C-01A	Neutral	Neutral	0.4658588563081129	0.16881663449777545	0.3653245091941121
TCGA-E2-A15C-01A;PABPC3	PABPC3	TCGA-E2-A15C-01A	Neutral	Neutral	0.8327300369896172	0.07870924907760678	0.08856071393277591
TCGA-E2-A15C-01A;BLM	BLM	TCGA-E2-A15C-01A	Tumor suppressor	Tumor suppressor	0.09212015980373015	0.32891424765331034	0.5789655925429597
TCGA-E2-A15C-01A;SMARCA4	SMARCA4	TCGA-E2-A15C-01A	Tumor suppressor	Tumor suppressor	0.07869887297887697	0.4326684763703775	0.48863265065074524
TCGA-E2-A15C-01A;DYSF	DYSF	TCGA-E2-A15C-01A	Neutral	Neutral	0.6768479586665075	0.0776373203819863	0.24551472095150623
TCGA-E2-A15C-01A;AKT1	AKT1	TCGA-E2-A15C-01A	Oncogene	Oncogene	0.024661860491579646	0.895773945929082	0.079564193579339
TCGA-B6-A0RV-01A;ADCY2	ADCY2	TCGA-B6-A0RV-01A	Neutral	Tumor suppressor	0.40882022595477907	0.17448429868038562	0.41669547536483564
TCGA-B6-A0RV-01A;CDH1	CDH1	TCGA-B6-A0RV-01A	Tumor suppressor	Tumor suppressor	0.03544911609252359	0.10937747568389372	0.8551734082235835
TCGA-B6-A0RV-01A;ARID2	ARID2	TCGA-B6-A0RV-01A	Tumor suppressor	Tumor suppressor	0.31295151524197884	0.189701274055444	0.4973472107025775
TCGA-B6-A0RV-01A;USP8	USP8	TCGA-B6-A0RV-01A	Oncogene	Tumor suppressor	0.19564666443169623	0.1797109641275128	0.6246423714407903
TCGA-B6-A0RV-01A;ATM	ATM	TCGA-B6-A0RV-01A	Tumor suppressor	Tumor suppressor	0.06131882614102603	0.2675986283933938	0.6710825454655801
TCGA-B6-A0RV-01A;NCKAP5	NCKAP5	TCGA-B6-A0RV-01A	Neutral	Neutral	0.7671030220450321	0.08518672190047775	0.14771025605449037
TCGA-B6-A0RV-01A;SALL2	SALL2	TCGA-B6-A0RV-01A	Neutral	Neutral	0.7651434465719815	0.08514104364217198	0.14971550978584683
TCGA-B6-A0RV-01A;NEB	NEB	TCGA-B6-A0RV-01A	Neutral	Neutral	0.6948420130325881	0.09715742598561994	0.2080005609817921
TCGA-AR-A2LN-01A;PCDH11X	PCDH11X	TCGA-AR-A2LN-01A	Neutral	Neutral	0.8576907063545148	0.06770943134376198	0.07459986230172336
TCGA-AR-A2LN-01A;CDH1	CDH1	TCGA-AR-A2LN-01A	Tumor suppressor	Tumor suppressor	0.03544911609252359	0.10937747568389372	0.8551734082235835
TCGA-AR-A2LN-01A;EPHB1	EPHB1	TCGA-AR-A2LN-01A	Neutral	Oncogene	0.2968382096165064	0.453432768820882	0.24972902156261184
TCGA-AR-A2LN-01A;MUC4	MUC4	TCGA-AR-A2LN-01A	Oncogene	Oncogene	0.007614072378160386	0.9851381710962597	0.00724775652557995
TCGA-AR-A2LN-01A;CDC73	CDC73	TCGA-AR-A2LN-01A	Tumor suppressor	Tumor suppressor	0.2799312014947473	0.25089294429261155	0.4691758542126409
TCGA-AR-A2LN-01A;ADAMTSL1	ADAMTSL1	TCGA-AR-A2LN-01A	Neutral	Neutral	0.7849225937128929	0.09147062375249608	0.12360678253461146
TCGA-AR-A2LN-01A;RYR2	RYR2	TCGA-AR-A2LN-01A	Neutral	Neutral	0.44457070491607137	0.1839034446324354	0.37152585045149356
TCGA-BH-A0HN-01A;ABCA1	ABCA1	TCGA-BH-A0HN-01A	Neutral	Tumor suppressor	0.15590871530468028	0.13850100061664505	0.705590284078675
TCGA-BH-A0HN-01A;CPED1	CPED1	TCGA-BH-A0HN-01A	Neutral	Neutral	0.7120736881840493	0.10142569515668354	0.18650061665926743
TCGA-BH-A0HN-01A;LAMA2	LAMA2	TCGA-BH-A0HN-01A	Neutral	Oncogene	0.2905123248065626	0.41796514623520553	0.291522528958232
TCGA-BH-A0HN-01A;SVEP1	SVEP1	TCGA-BH-A0HN-01A	Neutral	Neutral	0.7217950406510353	0.10244495446540279	0.17576000488356242
TCGA-BH-A0HN-01A;PIK3CA	PIK3CA	TCGA-BH-A0HN-01A	Oncogene	Oncogene	0.007614072378160386	0.9851381710962597	0.00724775652557995
TCGA-BH-A0HN-01A;MUC4	MUC4	TCGA-BH-A0HN-01A	Oncogene	Oncogene	0.007614072378160386	0.9851381710962597	0.00724775652557995
TCGA-BH-A0HN-01A;THSD7A	THSD7A	TCGA-BH-A0HN-01A	Neutral	Neutral	0.7849225937128929	0.09147062375249608	0.12360678253461146
TCGA-BH-A0HN-01A;GRID1	GRID1	TCGA-BH-A0HN-01A	Neutral	Neutral	0.6673609695431174	0.08171785925601666	0.25092117120086527
TCGA-BH-A0HN-01A;GRIN3A	GRIN3A	TCGA-BH-A0HN-01A	Neutral	Neutral	0.8241717974306975	0.067262713879989	0.10856548868931348
TCGA-BH-A0B4-01A;SCN5A	SCN5A	TCGA-BH-A0B4-01A	Neutral	Neutral	0.7748755459495351	0.09267474951676456	0.13244970453370003
TCGA-BH-A0B4-01A;SYNE1	SYNE1	TCGA-BH-A0B4-01A	Neutral	Neutral	0.7316405086854085	0.08957048071603642	0.1787890105985555
TCGA-BH-A0B4-01A;KIAA1109	KIAA1109	TCGA-BH-A0B4-01A	Neutral	Tumor suppressor	0.3410496408472973	0.19061569877783122	0.4683346603748718
TCGA-BH-A0B4-01A;MUC16	MUC16	TCGA-BH-A0B4-01A	Oncogene	Oncogene	0.007614072378160386	0.9851381710962597	0.00724775652557995
TCGA-BH-A0B4-01A;BAZ1A	BAZ1A	TCGA-BH-A0B4-01A	Tumor suppressor	Tumor suppressor	0.34761232841003425	0.19456352534283114	0.45782414624713474
TCGA-BH-A0B4-01A;CACNA2D3	CACNA2D3	TCGA-BH-A0B4-01A	Neutral	Neutral	0.8522793699640375	0.06894234904556133	0.07877828099040107
TCGA-BH-A0B4-01A;GRIK2	GRIK2	TCGA-BH-A0B4-01A	Neutral	Neutral	0.8169054793039449	0.08709461782332982	0.09599990287272524
TCGA-BH-A0B4-01A;SLITRK6	SLITRK6	TCGA-BH-A0B4-01A	Neutral	Neutral	0.7671030220450321	0.08518672190047775	0.14771025605449037
TCGA-BH-A0B4-01A;RNF43	RNF43	TCGA-BH-A0B4-01A	Tumor suppressor	Oncogene	0.3430930076148026	0.4337410816415442	0.22316591074365333
TCGA-A8-A09Q-01A;EBF3	EBF3	TCGA-A8-A09Q-01A	Neutral	Neutral	0.7706632436640685	0.08471310807320678	0.14462364826272492
TCGA-A8-A09Q-01A;COL25A1	COL25A1	TCGA-A8-A09Q-01A	Neutral	Neutral	0.8411408827606633	0.07478952923084635	0.08406958800849061
TCGA-A8-A09Q-01A;SLC4A4	SLC4A4	TCGA-A8-A09Q-01A	Neutral	Neutral	0.7721704623316131	0.08410555023042442	0.14372398743796264
TCGA-A8-A09Q-01A;CDH12	CDH12	TCGA-A8-A09Q-01A	Neutral	Neutral	0.8576907063545148	0.06770943134376198	0.07459986230172336
TCGA-A8-A09Q-01A;PIK3CA	PIK3CA	TCGA-A8-A09Q-01A	Oncogene	Oncogene	0.007614072378160386	0.9851381710962597	0.00724775652557995
TCGA-A8-A09Q-01A;PCLO	PCLO	TCGA-A8-A09Q-01A	Neutral	Neutral	0.761679058152271	0.08799991836209727	0.15032102348563192
TCGA-A8-A09Q-01A;PCSK5	PCSK5	TCGA-A8-A09Q-01A	Neutral	Neutral	0.44964709638529443	0.35827565377742676	0.19207724983727853
TCGA-A8-A09Q-01A;COL14A1	COL14A1	TCGA-A8-A09Q-01A	Neutral	Neutral	0.7329535228290692	0.09502133484125345	0.17202514232967772
TCGA-A8-A09Q-01A;UBR5	UBR5	TCGA-A8-A09Q-01A	Oncogene	Tumor suppressor	0.266289799109334	0.2795814443045	0.4541287565861655
TCGA-A8-A09Q-01A;WAS	WAS	TCGA-A8-A09Q-01A	Oncogene	Oncogene	0.2748006293152252	0.554014367361	0.1711850033237752
TCGA-A8-A09Q-01A;SCN9A	SCN9A	TCGA-A8-A09Q-01A	Neutral	Neutral	0.849960431141435	0.06965855162285856	0.08038101723570654
TCGA-A8-A09Q-01A;UHRF1BP1	UHRF1BP1	TCGA-A8-A09Q-01A	Neutral	Neutral	0.6883906028428007	0.07743091493171562	0.2341784822254838
TCGA-A8-A09Q-01A;OVGP1	OVGP1	TCGA-A8-A09Q-01A	Neutral	Neutral	0.8501568345452565	0.06883423585770619	0.08100892959703744
TCGA-A8-A09Q-01A;HCN1	HCN1	TCGA-A8-A09Q-01A	Neutral	Neutral	0.838215816864646	0.0798838039689008	0.08190037916645314
TCGA-A8-A09Q-01A;PTPRT	PTPRT	TCGA-A8-A09Q-01A	Tumor suppressor	Neutral	0.686694040531966	0.07767462296516624	0.23563133650286786
TCGA-A8-A09Q-01A;CBLB	CBLB	TCGA-A8-A09Q-01A	Tumor suppressor	Tumor suppressor	0.11815459663974201	0.12959876342467738	0.7522466399355808
TCGA-A8-A09Q-01A;CLIP1	CLIP1	TCGA-A8-A09Q-01A	Neutral	Tumor suppressor	0.3342831200046992	0.18825370582122342	0.477463174174078
TCGA-A8-A09Q-01A;TRPS1	TRPS1	TCGA-A8-A09Q-01A	Neutral	Neutral	0.7137111936363029	0.08496362936796831	0.20132517699572905
TCGA-A8-A09Q-01A;GRIK2	GRIK2	TCGA-A8-A09Q-01A	Neutral	Neutral	0.8169054793039449	0.08709461782332982	0.09599990287272524
TCGA-A8-A09Q-01A;GRID1	GRID1	TCGA-A8-A09Q-01A	Neutral	Neutral	0.6655001950825795	0.08185412883922681	0.2526456760781931
TCGA-A8-A09Q-01A;AUTS2	AUTS2	TCGA-A8-A09Q-01A	Neutral	Neutral	0.6946033138645701	0.08638699970450416	0.21900968643092583
TCGA-A8-A09Q-01A;MSH2	MSH2	TCGA-A8-A09Q-01A	Tumor suppressor	Tumor suppressor	0.11947092219792296	0.11054828768651963	0.7699807901155575
TCGA-A8-A09Q-01A;MMP16	MMP16	TCGA-A8-A09Q-01A	Neutral	Neutral	0.7886004157318737	0.08991196052347199	0.12148762374465445
TCGA-A8-A09Q-01A;BRIP1	BRIP1	TCGA-A8-A09Q-01A	Tumor suppressor	Tumor suppressor	0.1450157908567738	0.10178606033824218	0.7531981488049837
TCGA-A7-A0DA-01A;CUBN	CUBN	TCGA-A7-A0DA-01A	Neutral	Neutral	0.7396478818133232	0.07598142417198703	0.1843706940146902
TCGA-A7-A0DA-01A;DNAH11	DNAH11	TCGA-A7-A0DA-01A	Neutral	Neutral	0.876704131978476	0.0636359393007433	0.059659928720780776
TCGA-A7-A0DA-01A;GRIK3	GRIK3	TCGA-A7-A0DA-01A	Neutral	Neutral	0.763192070115457	0.08513836094457891	0.15166956893996442
TCGA-A7-A0DA-01A;ASXL2	ASXL2	TCGA-A7-A0DA-01A	Tumor suppressor	Tumor suppressor	0.29446942398459386	0.19821259797391458	0.5073179780414914
TCGA-A7-A0DA-01A;FMN2	FMN2	TCGA-A7-A0DA-01A	Neutral	Neutral	0.8522793699640375	0.06894234904556133	0.07877828099040107
TCGA-A7-A0DA-01A;ITGA8	ITGA8	TCGA-A7-A0DA-01A	Neutral	Neutral	0.3812210228619083	0.3571179675791776	0.261661009558914
TCGA-A7-A0DA-01A;DNAH7	DNAH7	TCGA-A7-A0DA-01A	Neutral	Neutral	0.8681189165914333	0.06532575974227477	0.06655532366629194
TCGA-A7-A0DA-01A;CNTN1	CNTN1	TCGA-A7-A0DA-01A	Neutral	Neutral	0.7293905889772325	0.09628823398978964	0.17432117703297764
TCGA-A7-A0DA-01A;LRFN5	LRFN5	TCGA-A7-A0DA-01A	Neutral	Neutral	0.8415383423681554	0.07471266860020744	0.08374898903163698
TCGA-A7-A0DA-01A;PRDM1	PRDM1	TCGA-A7-A0DA-01A	Tumor suppressor	Tumor suppressor	0.38916247408782095	0.18345364620296994	0.42738387970920955
TCGA-A7-A0DA-01A;NAALAD2	NAALAD2	TCGA-A7-A0DA-01A	Neutral	Neutral	0.7667663208855756	0.08531154978239161	0.14792212933203297
TCGA-A7-A0DA-01A;DZIP3	DZIP3	TCGA-A7-A0DA-01A	Neutral	Neutral	0.7651434465719815	0.08514104364217198	0.14971550978584683
TCGA-A7-A0DA-01A;TRAF7	TRAF7	TCGA-A7-A0DA-01A	Tumor suppressor	Neutral	0.7057640867766237	0.08374168682896359	0.2104942263944128
TCGA-A7-A0DA-01A;SPEG	SPEG	TCGA-A7-A0DA-01A	Neutral	Neutral	0.688043683762299	0.07766080796790295	0.23429550826979825
TCGA-A7-A0DA-01A;NEB	NEB	TCGA-A7-A0DA-01A	Neutral	Neutral	0.6948420130325881	0.09715742598561994	0.2080005609817921
TCGA-A7-A0DA-01A;MXRA5	MXRA5	TCGA-A7-A0DA-01A	Neutral	Neutral	0.7138191751514534	0.08499111658687397	0.20118970826167265
TCGA-D8-A73W-01A;SCN2A	SCN2A	TCGA-D8-A73W-01A	Neutral	Neutral	0.7577321569020646	0.08303347483445145	0.15923436826348442
TCGA-D8-A73W-01A;DNMT3A	DNMT3A	TCGA-D8-A73W-01A	Tumor suppressor	Tumor suppressor	0.12846743016974543	0.10551975686440654	0.7660128129658483
TCGA-BH-A28Q-01A;APC	APC	TCGA-BH-A28Q-01A	Tumor suppressor	Tumor suppressor	0.08978441661272261	0.33635089021675646	0.5738646931705212
TCGA-BH-A28Q-01A;GRIK3	GRIK3	TCGA-BH-A28Q-01A	Neutral	Neutral	0.763192070115457	0.08513836094457891	0.15166956893996442
TCGA-BH-A28Q-01A;CDH1	CDH1	TCGA-BH-A28Q-01A	Tumor suppressor	Tumor suppressor	0.03544911609252359	0.10937747568389372	0.8551734082235835
TCGA-BH-A28Q-01A;RYR2	RYR2	TCGA-BH-A28Q-01A	Neutral	Neutral	0.4488699324329251	0.18276901170522827	0.36836105586184686
TCGA-GI-A2C8-01A;GRIA3	GRIA3	TCGA-GI-A2C8-01A	Neutral	Tumor suppressor	0.15329154740081402	0.2328261479259205	0.6138823046732649
TCGA-GI-A2C8-01A;RYR3	RYR3	TCGA-GI-A2C8-01A	Neutral	Neutral	0.5014807287488899	0.1613481245873069	0.3371711466638037
TCGA-GI-A2C8-01A;CSMD1	CSMD1	TCGA-GI-A2C8-01A	Neutral	Neutral	0.8539482314616335	0.06831002050225381	0.07774174803611299
TCGA-GI-A2C8-01A;ITSN1	ITSN1	TCGA-GI-A2C8-01A	Neutral	Tumor suppressor	0.29938586471171774	0.20166373621150663	0.4989503990767755
TCGA-GI-A2C8-01A;DNAH11	DNAH11	TCGA-GI-A2C8-01A	Neutral	Neutral	0.876704131978476	0.0636359393007433	0.059659928720780776
TCGA-GI-A2C8-01A;FAT1	FAT1	TCGA-GI-A2C8-01A	Tumor suppressor	Tumor suppressor	0.276082111004858	0.20764098373127665	0.516276905263865
TCGA-GI-A2C8-01A;CDH1	CDH1	TCGA-GI-A2C8-01A	Tumor suppressor	Tumor suppressor	0.03544911609252359	0.10937747568389372	0.8551734082235835
TCGA-GI-A2C8-01A;MARK1	MARK1	TCGA-GI-A2C8-01A	Neutral	Neutral	0.751360102387956	0.0920267938082417	0.15661310380380258
TCGA-GI-A2C8-01A;OTOF	OTOF	TCGA-GI-A2C8-01A	Neutral	Neutral	0.5256073523327545	0.16846127568589225	0.3059313719813538
TCGA-GI-A2C8-01A;MDM4	MDM4	TCGA-GI-A2C8-01A	Oncogene	Tumor suppressor	0.2827270533592194	0.22445656903997385	0.4928163776008064
TCGA-GI-A2C8-01A;EPHA6	EPHA6	TCGA-GI-A2C8-01A	Neutral	Neutral	0.4409090892416616	0.17328594679755505	0.3858049639607835
TCGA-GI-A2C8-01A;LAMB1	LAMB1	TCGA-GI-A2C8-01A	Neutral	Oncogene	0.15545839753990892	0.5150951509686527	0.32944645149143836
TCGA-GI-A2C8-01A;ADAM19	ADAM19	TCGA-GI-A2C8-01A	Neutral	Neutral	0.7660755057011778	0.08569318885032495	0.14823130544849752
TCGA-GI-A2C8-01A;LRP6	LRP6	TCGA-GI-A2C8-01A	Neutral	Tumor suppressor	0.08545606261407454	0.44827747802571194	0.4662664593602133
TCGA-GI-A2C8-01A;DCLK1	DCLK1	TCGA-GI-A2C8-01A	Neutral	Neutral	0.7053387929563639	0.083932117575997	0.2107290894676392
TCGA-GI-A2C8-01A;HMCN1	HMCN1	TCGA-GI-A2C8-01A	Neutral	Neutral	0.7053387929563639	0.083932117575997	0.2107290894676392
TCGA-GI-A2C8-01A;RPL10	RPL10	TCGA-GI-A2C8-01A	Tumor suppressor	Tumor suppressor	0.06628203415815462	0.26310347441320525	0.6706144914286396
TCGA-GI-A2C8-01A;MAGI2	MAGI2	TCGA-GI-A2C8-01A	Neutral	Tumor suppressor	0.3982198031627279	0.175436512741056	0.4263436840962165
TCGA-GI-A2C8-01A;IL6ST	IL6ST	TCGA-GI-A2C8-01A	Oncogene	Oncogene	0.26989043226279186	0.43883555825768056	0.2912740094795276
TCGA-GI-A2C8-01A;SALL2	SALL2	TCGA-GI-A2C8-01A	Neutral	Neutral	0.7651434465719815	0.08514104364217198	0.14971550978584683
TCGA-C8-A3M8-01A;PIK3CA	PIK3CA	TCGA-C8-A3M8-01A	Oncogene	Oncogene	0.007614072378160386	0.9851381710962597	0.00724775652557995
TCGA-C8-A3M8-01A;KMT2C	KMT2C	TCGA-C8-A3M8-01A	Tumor suppressor	Tumor suppressor	0.11029030744716431	0.10801380308306201	0.7816958894697742
TCGA-C8-A3M8-01A;KIAA1109	KIAA1109	TCGA-C8-A3M8-01A	Neutral	Tumor suppressor	0.3410496408472973	0.19061569877783122	0.4683346603748718
TCGA-C8-A3M8-01A;RBM10	RBM10	TCGA-C8-A3M8-01A	Tumor suppressor	Neutral	0.683421956198136	0.08497844560775389	0.2315995981941099
TCGA-C8-A3M8-01A;DNM2	DNM2	TCGA-C8-A3M8-01A	Tumor suppressor	Tumor suppressor	0.1342196675487706	0.1923465145861188	0.6734338178651103
TCGA-D8-A1Y3-01A;PKHD1L1	PKHD1L1	TCGA-D8-A1Y3-01A	Neutral	Neutral	0.764331061968755	0.08543495401862153	0.15023398401262378
TCGA-D8-A1Y3-01A;PTPRB	PTPRB	TCGA-D8-A1Y3-01A	Tumor suppressor	Tumor suppressor	0.2925644494973891	0.19235423888004907	0.5150813116225618
TCGA-D8-A1Y3-01A;CUBN	CUBN	TCGA-D8-A1Y3-01A	Neutral	Neutral	0.6720866506116828	0.07298848780306816	0.25492486158524935
TCGA-D8-A1Y3-01A;PCDHGA2	PCDHGA2	TCGA-D8-A1Y3-01A	Neutral	Neutral	0.771486842091655	0.08446027114852561	0.14405288675981973
TCGA-D8-A1Y3-01A;WRN	WRN	TCGA-D8-A1Y3-01A	Tumor suppressor	Tumor suppressor	0.11250845722118458	0.20726422164978867	0.680227321129027
TCGA-AQ-A0Y5-01A;LAMA2	LAMA2	TCGA-AQ-A0Y5-01A	Neutral	Oncogene	0.2905123248065626	0.41796514623520553	0.291522528958232
TCGA-AQ-A0Y5-01A;RYR3	RYR3	TCGA-AQ-A0Y5-01A	Neutral	Neutral	0.5014807287488899	0.1613481245873069	0.3371711466638037
TCGA-AQ-A0Y5-01A;CACNA1D	CACNA1D	TCGA-AQ-A0Y5-01A	Oncogene	Oncogene	0.08808219977484393	0.46675531213637167	0.44516248808878434
TCGA-AQ-A0Y5-01A;PIK3CA	PIK3CA	TCGA-AQ-A0Y5-01A	Oncogene	Oncogene	0.007614072378160386	0.9851381710962597	0.00724775652557995
TCGA-AQ-A0Y5-01A;THSD7B	THSD7B	TCGA-AQ-A0Y5-01A	Neutral	Neutral	0.7922571179637065	0.08776223196190978	0.11998065007438412
TCGA-AQ-A0Y5-01A;DSCAML1	DSCAML1	TCGA-AQ-A0Y5-01A	Neutral	Neutral	0.8529701851484355	0.06856070997762796	0.0784691048739365
TCGA-AQ-A0Y5-01A;THSD7A	THSD7A	TCGA-AQ-A0Y5-01A	Neutral	Neutral	0.7849225937128929	0.09147062375249608	0.12360678253461146
TCGA-AQ-A0Y5-01A;RALY	RALY	TCGA-AQ-A0Y5-01A	Neutral	Tumor suppressor	0.3580779175109491	0.18223213471074748	0.45968994777830396
TCGA-AQ-A0Y5-01A;EGFLAM	EGFLAM	TCGA-AQ-A0Y5-01A	Neutral	Neutral	0.6788765205045529	0.0808348596417452	0.2402886198537019
TCGA-AR-A0TY-01A;ANK1	ANK1	TCGA-AR-A0TY-01A	Neutral	Neutral	0.7855783493834838	0.07990571931686119	0.1345159312996553
TCGA-AR-A0TY-01A;CPNE4	CPNE4	TCGA-AR-A0TY-01A	Neutral	Neutral	0.8496530938526454	0.06965444216804839	0.0806924639793061
TCGA-AR-A0TY-01A;PTPRB	PTPRB	TCGA-AR-A0TY-01A	Tumor suppressor	Tumor suppressor	0.2925644494973891	0.19235423888004907	0.5150813116225618
TCGA-AR-A0TY-01A;ARHGAP5	ARHGAP5	TCGA-AR-A0TY-01A	Oncogene	Tumor suppressor	0.2839480294556376	0.22693607008340144	0.48911590046096065
TCGA-AR-A0TY-01A;SEMA3D	SEMA3D	TCGA-AR-A0TY-01A	Neutral	Neutral	0.7693102222103709	0.08434727242467475	0.14634250536495436
TCGA-AR-A0TY-01A;FBLN2	FBLN2	TCGA-AR-A0TY-01A	Tumor suppressor	Neutral	0.6931361478882787	0.09659164715946969	0.21027220495225193
TCGA-AR-A0TY-01A;VPS13D	VPS13D	TCGA-AR-A0TY-01A	Neutral	Neutral	0.7164180156745931	0.08425887574037907	0.199323108585028
TCGA-AR-A0TY-01A;TRRAP	TRRAP	TCGA-AR-A0TY-01A	Oncogene	Oncogene	0.07702117097201641	0.49446453680498587	0.4285142922229978
TCGA-AR-A0TY-01A;CAPN6	CAPN6	TCGA-AR-A0TY-01A	Neutral	Neutral	0.7647995504680853	0.085292789673918	0.14990765985799692
TCGA-AR-A0TY-01A;STAG2	STAG2	TCGA-AR-A0TY-01A	Tumor suppressor	Tumor suppressor	0.17208095282005734	0.1321784046124615	0.6957406425674814
TCGA-AR-A0TY-01A;SF3B1	SF3B1	TCGA-AR-A0TY-01A	Oncogene	Oncogene	0.04041131750136052	0.8790085445227156	0.08058013797592363
TCGA-AR-A0TY-01A;ERCC5	ERCC5	TCGA-AR-A0TY-01A	Tumor suppressor	Tumor suppressor	0.15181188086975766	0.12054427981779749	0.7276438393124449
TCGA-AR-A0TY-01A;SEMA5A	SEMA5A	TCGA-AR-A0TY-01A	Neutral	Neutral	0.43062480789360913	0.29653012631235637	0.2728450657940344
TCGA-AR-A0TY-01A;AXIN2	AXIN2	TCGA-AR-A0TY-01A	Tumor suppressor	Tumor suppressor	0.3551759415069548	0.20633480342088484	0.4384892550721606
TCGA-AR-A0TY-01A;SULF1	SULF1	TCGA-AR-A0TY-01A	Neutral	Neutral	0.7040978226844677	0.08397185727815473	0.21193032003737758
TCGA-AR-A0TY-01A;AUTS2	AUTS2	TCGA-AR-A0TY-01A	Neutral	Neutral	0.6946033138645701	0.08638699970450416	0.21900968643092583
TCGA-AR-A0TY-01A;CTNND2	CTNND2	TCGA-AR-A0TY-01A	Oncogene	Neutral	0.7491333511106463	0.09307298278817061	0.15779366610118337
TCGA-AR-A0TY-01A;PCDHB16	PCDHB16	TCGA-AR-A0TY-01A	Neutral	Neutral	0.766419401805074	0.08554144281857892	0.14803915537634746
TCGA-AR-A0TY-01A;DOCK2	DOCK2	TCGA-AR-A0TY-01A	Neutral	Tumor suppressor	0.3961168857298652	0.175293024881243	0.4285900893888923
TCGA-A8-A0A1-01A;PIK3CA	PIK3CA	TCGA-A8-A0A1-01A	Oncogene	Oncogene	0.007614072378160386	0.9851381710962597	0.00724775652557995
TCGA-A8-A0A1-01A;PDE1C	PDE1C	TCGA-A8-A0A1-01A	Neutral	Neutral	0.792675441819213	0.0783292760713707	0.12899528210941671
TCGA-A8-A0A1-01A;CDH1	CDH1	TCGA-A8-A0A1-01A	Tumor suppressor	Tumor suppressor	0.03544911609252359	0.10937747568389372	0.8551734082235835
TCGA-A8-A0A1-01A;COL4A5	COL4A5	TCGA-A8-A0A1-01A	Neutral	Tumor suppressor	0.3042052668120672	0.20561639308470814	0.4901783401032244
TCGA-A8-A0A1-01A;FAT2	FAT2	TCGA-A8-A0A1-01A	Neutral	Neutral	0.7057640867766237	0.08374168682896359	0.2104942263944128
TCGA-A8-A0A1-01A;ARAP3	ARAP3	TCGA-A8-A0A1-01A	Neutral	Tumor suppressor	0.3749365957460331	0.1890361936782031	0.4360272105757641
TCGA-A8-A0A1-01A;MUTYH	MUTYH	TCGA-A8-A0A1-01A	Tumor suppressor	Neutral	0.7499042692472361	0.09280183850956363	0.15729389224320056
TCGA-A8-A0A1-01A;DGCR8	DGCR8	TCGA-A8-A0A1-01A	Oncogene	Tumor suppressor	0.20661528601072945	0.15600923656955043	0.6373754774197198
TCGA-A8-A0A1-01A;EXT2	EXT2	TCGA-A8-A0A1-01A	Tumor suppressor	Tumor suppressor	0.34088635798027905	0.18838223012280053	0.4707314118969209
TCGA-A8-A0A1-01A;LRP2	LRP2	TCGA-A8-A0A1-01A	Neutral	Tumor suppressor	0.17345021757118567	0.14450762775666195	0.6820421546721521
TCGA-A8-A0A1-01A;CHD4	CHD4	TCGA-A8-A0A1-01A	Oncogene	Oncogene	0.08475901459237674	0.48599364544874774	0.42924733995887554
TCGA-BH-A0HK-01A;NRXN3	NRXN3	TCGA-BH-A0HK-01A	Neutral	Neutral	0.8459106189597642	0.07025503132654023	0.08383434971369572
TCGA-BH-A0HK-01A;SACS	SACS	TCGA-BH-A0HK-01A	Neutral	Neutral	0.7009867914210343	0.09817785969074248	0.2008353488882236
TCGA-BH-A0HK-01A;RASAL2	RASAL2	TCGA-BH-A0HK-01A	Neutral	Neutral	0.6820530443350906	0.10079285992668684	0.21715409573822286
TCGA-BH-A0HK-01A;BRWD3	BRWD3	TCGA-BH-A0HK-01A	Neutral	Neutral	0.7718307410772577	0.0842118220074279	0.14395743691531457
TCGA-BH-A0HK-01A;FMN2	FMN2	TCGA-BH-A0HK-01A	Neutral	Neutral	0.8522793699640375	0.06894234904556133	0.07877828099040107
TCGA-BH-A0HK-01A;TET2	TET2	TCGA-BH-A0HK-01A	Tumor suppressor	Neutral	0.6622020198871291	0.08112562273114417	0.2566723573817266
TCGA-BH-A0HK-01A;UBR5	UBR5	TCGA-BH-A0HK-01A	Oncogene	Tumor suppressor	0.266289799109334	0.2795814443045	0.4541287565861655
TCGA-BH-A0HK-01A;ADAMTSL3	ADAMTSL3	TCGA-BH-A0HK-01A	Neutral	Neutral	0.7907226818635447	0.08755915525120535	0.12171816288525032
TCGA-BH-A0HK-01A;FAT4	FAT4	TCGA-BH-A0HK-01A	Tumor suppressor	Neutral	0.6716835207238195	0.07609271708893403	0.2522237621872463
TCGA-BH-A0HK-01A;FZD10	FZD10	TCGA-BH-A0HK-01A	Neutral	Neutral	0.8324984289728227	0.07875066231169242	0.0887509087154848
TCGA-BH-A0HK-01A;KIF21B	KIF21B	TCGA-BH-A0HK-01A	Neutral	Neutral	0.7663114202899232	0.08551395559967327	0.1481746241104038
TCGA-BH-A0HK-01A;CAMTA1	CAMTA1	TCGA-BH-A0HK-01A	Neutral	Neutral	0.7593640047471448	0.08464728716001939	0.15598870809283594
TCGA-BH-A0HK-01A;MGMT	MGMT	TCGA-BH-A0HK-01A	Tumor suppressor	Neutral	0.7645049267135771	0.08519273771475179	0.15030233557167136
TCGA-BH-A0HK-01A;KLHL4	KLHL4	TCGA-BH-A0HK-01A	Neutral	Neutral	0.8488807911750523	0.06939119217230713	0.08172801665264061
TCGA-BH-A0HK-01A;SPOP	SPOP	TCGA-BH-A0HK-01A	Tumor suppressor	Tumor suppressor	0.10278966470758785	0.21180959159074966	0.6854007437016625
TCGA-BH-A0HK-01A;SLIT3	SLIT3	TCGA-BH-A0HK-01A	Neutral	Neutral	0.6995177018112335	0.08998848644150813	0.21049381174725834
TCGA-BH-A0HK-01A;PROX1	PROX1	TCGA-BH-A0HK-01A	Neutral	Neutral	0.75561747638132	0.08974154880114896	0.15464097481753136
TCGA-BH-A0HK-01A;POLD1	POLD1	TCGA-BH-A0HK-01A	Tumor suppressor	Tumor suppressor	0.09914608914337403	0.3195956421116119	0.5812582687450142
TCGA-A8-A09W-01A;PCDH11X	PCDH11X	TCGA-A8-A09W-01A	Neutral	Neutral	0.8576907063545148	0.06770943134376198	0.07459986230172336
TCGA-A8-A09W-01A;CHL1	CHL1	TCGA-A8-A09W-01A	Neutral	Neutral	0.4479388855928043	0.28736073250870114	0.26470038189849415
TCGA-A8-A09W-01A;BRWD3	BRWD3	TCGA-A8-A09W-01A	Neutral	Neutral	0.7718307410772577	0.0842118220074279	0.14395743691531457
TCGA-A8-A09W-01A;ITIH5	ITIH5	TCGA-A8-A09W-01A	Neutral	Neutral	0.7009842805288379	0.09740955858240355	0.2016061608887589
TCGA-A8-A09W-01A;POLE	POLE	TCGA-A8-A09W-01A	Tumor suppressor	Tumor suppressor	0.10250731050946726	0.3059267849460827	0.5915659045444502
TCGA-A8-A09W-01A;CDH1	CDH1	TCGA-A8-A09W-01A	Tumor suppressor	Tumor suppressor	0.03544911609252359	0.10937747568389372	0.8551734082235835
TCGA-A8-A09W-01A;ATP8B4	ATP8B4	TCGA-A8-A09W-01A	Neutral	Neutral	0.7674499411255338	0.08495682886429042	0.14759323001017588
TCGA-A8-A09W-01A;ITGA10	ITGA10	TCGA-A8-A09W-01A	Neutral	Neutral	0.41259031354831355	0.3606427882874324	0.22676689816425394
TCGA-A8-A09W-01A;ERCC2	ERCC2	TCGA-A8-A09W-01A	Tumor suppressor	Tumor suppressor	0.09738377800656645	0.3251601599072267	0.5774560620862068
TCGA-A8-A09W-01A;HMCN1	HMCN1	TCGA-A8-A09W-01A	Neutral	Neutral	0.7053387929563639	0.083932117575997	0.2107290894676392
TCGA-A8-A09W-01A;TXNIP	TXNIP	TCGA-A8-A09W-01A	Neutral	Tumor suppressor	0.2951338631669002	0.21152480532825588	0.4933413315048437
TCGA-A8-A09W-01A;RB1	RB1	TCGA-A8-A09W-01A	Tumor suppressor	Tumor suppressor	0.05058344232784219	0.2973142051374139	0.6521023525347434
TCGA-A8-A09W-01A;RYR2	RYR2	TCGA-A8-A09W-01A	Neutral	Neutral	0.4488699324329251	0.18276901170522827	0.36836105586184686
TCGA-A8-A09W-01A;SALL2	SALL2	TCGA-A8-A09W-01A	Neutral	Neutral	0.7651434465719815	0.08514104364217198	0.14971550978584683
TCGA-LD-A9QF-01A;WDFY3	WDFY3	TCGA-LD-A9QF-01A	Neutral	Neutral	0.692203270675468	0.08822688527619295	0.2195698440483389
TCGA-LD-A9QF-01A;DGCR8	DGCR8	TCGA-LD-A9QF-01A	Oncogene	Tumor suppressor	0.20661528601072945	0.15600923656955043	0.6373754774197198
TCGA-A8-A094-01A;IGF2BP2	IGF2BP2	TCGA-A8-A094-01A	Tumor suppressor	Neutral	0.771486842091655	0.08446027114852561	0.14405288675981973
TCGA-A8-A094-01A;CSMD1	CSMD1	TCGA-A8-A094-01A	Neutral	Neutral	0.8539482314616335	0.06831002050225381	0.07774174803611299
TCGA-A8-A094-01A;GLI1	GLI1	TCGA-A8-A094-01A	Neutral	Tumor suppressor	0.09654272259443196	0.36445125891448993	0.539006018491078
TCGA-A8-A094-01A;COLGALT2	COLGALT2	TCGA-A8-A094-01A	Neutral	Neutral	0.8128200820381992	0.0702855694196816	0.11689434854211918
TCGA-A8-A094-01A;EGFR	EGFR	TCGA-A8-A094-01A	Oncogene	Oncogene	0.011933629862800431	0.9528347829775821	0.03523158715961778
TCGA-A8-A094-01A;KMT2C	KMT2C	TCGA-A8-A094-01A	Tumor suppressor	Tumor suppressor	0.11029030744716431	0.10801380308306201	0.7816958894697742
TCGA-A8-A094-01A;PTPRD	PTPRD	TCGA-A8-A094-01A	Tumor suppressor	Tumor suppressor	0.4329978580914132	0.07963716084465186	0.4873649810639355
TCGA-A8-A094-01A;COL14A1	COL14A1	TCGA-A8-A094-01A	Neutral	Neutral	0.7329535228290692	0.09502133484125345	0.17202514232967772
TCGA-A8-A094-01A;ATRX	ATRX	TCGA-A8-A094-01A	Tumor suppressor	Tumor suppressor	0.3277570089585096	0.18619039166462303	0.48605259937686796
TCGA-A8-A094-01A;ADAMTS12	ADAMTS12	TCGA-A8-A094-01A	Neutral	Neutral	0.787415680386504	0.08885893228757458	0.12372538732592174
TCGA-A8-A094-01A;PPP1R9A	PPP1R9A	TCGA-A8-A094-01A	Neutral	Neutral	0.7473554329299809	0.09192022547236173	0.1607243415976574
TCGA-A8-A094-01A;SMAD4	SMAD4	TCGA-A8-A094-01A	Tumor suppressor	Tumor suppressor	0.06931033475929363	0.26206717185916667	0.6686224933815396
TCGA-A8-A094-01A;BRINP3	BRINP3	TCGA-A8-A094-01A	Neutral	Neutral	0.8522793699640375	0.06894234904556133	0.07877828099040107
TCGA-A8-A094-01A;MYOM2	MYOM2	TCGA-A8-A094-01A	Neutral	Neutral	0.6946756063172028	0.08122418804943417	0.224100205633363
TCGA-A8-A094-01A;KDM5C	KDM5C	TCGA-A8-A094-01A	Tumor suppressor	Neutral	0.5902990649960649	0.08553625255932967	0.3241646824446058
TCGA-A8-A094-01A;TBC1D22A	TBC1D22A	TCGA-A8-A094-01A	Neutral	Neutral	0.7451660202833968	0.08296717950904792	0.1718668002075554
TCGA-A8-A094-01A;GRIN3A	GRIN3A	TCGA-A8-A094-01A	Neutral	Neutral	0.8241717974306975	0.067262713879989	0.10856548868931348
TCGA-A8-A094-01A;AKT1	AKT1	TCGA-A8-A094-01A	Oncogene	Oncogene	0.024661860491579646	0.895773945929082	0.079564193579339
TCGA-A8-A094-01A;SPEF2	SPEF2	TCGA-A8-A094-01A	Neutral	Neutral	0.7671030220450321	0.08518672190047775	0.14771025605449037
TCGA-A7-A26G-01A;COL25A1	COL25A1	TCGA-A7-A26G-01A	Neutral	Neutral	0.8411408827606633	0.07478952923084635	0.08406958800849061
TCGA-A7-A26G-01A;DNAH5	DNAH5	TCGA-A7-A26G-01A	Neutral	Neutral	0.7865541664106049	0.07551700776591538	0.13792882582348015
TCGA-A7-A26G-01A;ADAMTS16	ADAMTS16	TCGA-A7-A26G-01A	Neutral	Neutral	0.7787656476641277	0.09442494316134359	0.1268094091745293
TCGA-A7-A26G-01A;PCLO	PCLO	TCGA-A7-A26G-01A	Neutral	Neutral	0.761679058152271	0.08799991836209727	0.15032102348563192
TCGA-A7-A26G-01A;SYNE1	SYNE1	TCGA-A7-A26G-01A	Neutral	Neutral	0.7316405086854085	0.08957048071603642	0.1787890105985555
TCGA-A7-A26G-01A;CDK12	CDK12	TCGA-A7-A26G-01A	Tumor suppressor	Tumor suppressor	0.19773922116338466	0.149333402788707	0.6529273760479083
TCGA-A7-A26G-01A;CACHD1	CACHD1	TCGA-A7-A26G-01A	Neutral	Neutral	0.7083629272997632	0.08300944598246872	0.2086276267177682
TCGA-A7-A26G-01A;PDZRN4	PDZRN4	TCGA-A7-A26G-01A	Neutral	Neutral	0.8492277102555541	0.06916129913611979	0.08161099060832612
TCGA-A7-A26G-01A;PTEN	PTEN	TCGA-A7-A26G-01A	Tumor suppressor	Tumor suppressor	0.05412170725411411	0.24634399955357508	0.6995342931923103
TCGA-A7-A26G-01A;OTUD7A	OTUD7A	TCGA-A7-A26G-01A	Neutral	Neutral	0.4486813660842394	0.16698150743081644	0.3843371264849442
TCGA-A7-A26G-01A;BRINP3	BRINP3	TCGA-A7-A26G-01A	Neutral	Neutral	0.8522793699640375	0.06894234904556133	0.07877828099040107
TCGA-A7-A26G-01A;PDE10A	PDE10A	TCGA-A7-A26G-01A	Neutral	Neutral	0.7730851856999191	0.08300932120583099	0.14390549309425
TCGA-B6-A0I1-01A;BCL9	BCL9	TCGA-B6-A0I1-01A	Neutral	Tumor suppressor	0.13955216010389132	0.11411410769444062	0.7463337322016683
TCGA-B6-A0I1-01A;GRIA3	GRIA3	TCGA-B6-A0I1-01A	Neutral	Tumor suppressor	0.1535992458986681	0.23364446874137113	0.6127562853599602
TCGA-B6-A0I1-01A;ADAMTS16	ADAMTS16	TCGA-B6-A0I1-01A	Neutral	Neutral	0.7787656476641277	0.09442494316134359	0.1268094091745293
TCGA-B6-A0I1-01A;NALCN	NALCN	TCGA-B6-A0I1-01A	Neutral	Neutral	0.766663013485372	0.08623844060082993	0.14709854591379828
TCGA-B6-A0I1-01A;UBR5	UBR5	TCGA-B6-A0I1-01A	Oncogene	Tumor suppressor	0.266289799109334	0.2795814443045	0.4541287565861655
TCGA-B6-A0I1-01A;CDH11	CDH11	TCGA-B6-A0I1-01A	Neutral	Neutral	0.6920051787950158	0.08058609077773089	0.2274087304272532
TCGA-B6-A0I1-01A;FANCD2	FANCD2	TCGA-B6-A0I1-01A	Tumor suppressor	Tumor suppressor	0.14047281465587008	0.09865258384611808	0.7608746014980116
TCGA-B6-A0I1-01A;TSC2	TSC2	TCGA-B6-A0I1-01A	Tumor suppressor	Oncogene	0.16183908528447877	0.46410842860142815	0.3740524861140932
TCGA-BH-A0H5-01A;SYNE1	SYNE1	TCGA-BH-A0H5-01A	Neutral	Neutral	0.7316405086854085	0.08957048071603642	0.1787890105985555
TCGA-BH-A0H5-01A;LATS1	LATS1	TCGA-BH-A0H5-01A	Tumor suppressor	Tumor suppressor	0.30321099409954805	0.2023801797456071	0.4944088261548446
TCGA-BH-A0H5-01A;HIF1A	HIF1A	TCGA-BH-A0H5-01A	Oncogene	Oncogene	0.08237257567379634	0.4802040532686886	0.437423371057515
TCGA-BH-A0H5-01A;PTEN	PTEN	TCGA-BH-A0H5-01A	Tumor suppressor	Tumor suppressor	0.05412170725411411	0.24634399955357508	0.6995342931923103
TCGA-BH-A0H5-01A;MADD	MADD	TCGA-BH-A0H5-01A	Neutral	Tumor suppressor	0.2990572025067719	0.21492379939014275	0.48601899810308496
TCGA-BH-A0H5-01A;MXRA5	MXRA5	TCGA-BH-A0H5-01A	Neutral	Neutral	0.7138191751514534	0.08499111658687397	0.20118970826167265
TCGA-BH-A0H5-01A;HRNR	HRNR	TCGA-BH-A0H5-01A	Neutral	Neutral	0.8511681936041656	0.07031330832782494	0.07851849806800945
TCGA-AR-A0TQ-01A;DDR2	DDR2	TCGA-AR-A0TQ-01A	Oncogene	Neutral	0.6752083674284894	0.15768675351722472	0.16710487905428645
TCGA-AR-A0TQ-01A;DNAH11	DNAH11	TCGA-AR-A0TQ-01A	Neutral	Neutral	0.876704131978476	0.0636359393007433	0.059659928720780776
TCGA-AR-A0TQ-01A;RIMS1	RIMS1	TCGA-AR-A0TQ-01A	Neutral	Neutral	0.8555574089149648	0.06679721820148415	0.0776453728835509
TCGA-AR-A0TQ-01A;PIK3R1	PIK3R1	TCGA-AR-A0TQ-01A	Tumor suppressor	Tumor suppressor	0.016019197140421385	0.15624471344868127	0.8277360894108973
TCGA-AR-A0TQ-01A;BRIP1	BRIP1	TCGA-AR-A0TQ-01A	Tumor suppressor	Tumor suppressor	0.1387663379850273	0.103396485994123	0.7578371760208494
TCGA-5T-A9QA-01A;FAT4	FAT4	TCGA-5T-A9QA-01A	Tumor suppressor	Neutral	0.6716835207238195	0.07609271708893403	0.2522237621872463
TCGA-5T-A9QA-01A;MUC16	MUC16	TCGA-5T-A9QA-01A	Oncogene	Oncogene	0.007614072378160386	0.9851381710962597	0.00724775652557995
TCGA-5T-A9QA-01A;CARD11	CARD11	TCGA-5T-A9QA-01A	Oncogene	Neutral	0.4082802844307419	0.18775217100451203	0.40396754456474643
TCGA-5T-A9QA-01A;GPRASP2	GPRASP2	TCGA-5T-A9QA-01A	Neutral	Neutral	0.7647995504680853	0.085292789673918	0.14990765985799692
TCGA-A2-A04N-01A;SCN2A	SCN2A	TCGA-A2-A04N-01A	Neutral	Neutral	0.7577321569020646	0.08303347483445145	0.15923436826348442
TCGA-A2-A04N-01A;PIK3CA	PIK3CA	TCGA-A2-A04N-01A	Oncogene	Oncogene	0.007614072378160386	0.9851381710962597	0.00724775652557995
TCGA-A2-A04N-01A;ASXL1	ASXL1	TCGA-A2-A04N-01A	Tumor suppressor	Tumor suppressor	0.11833279031051533	0.10908382289886691	0.7725833867906183
TCGA-A2-A04N-01A;MUC16	MUC16	TCGA-A2-A04N-01A	Oncogene	Oncogene	0.007614072378160386	0.9851381710962597	0.00724775652557995
TCGA-A2-A04N-01A;TOX2	TOX2	TCGA-A2-A04N-01A	Neutral	Neutral	0.8485368950711563	0.06954293820405316	0.08192016672479069
TCGA-AR-A251-01A;GPR158	GPR158	TCGA-AR-A251-01A	Neutral	Neutral	0.779771509600748	0.03283527774079776	0.1873932126584545
TCGA-AR-A251-01A;SACS	SACS	TCGA-AR-A251-01A	Neutral	Neutral	0.7009867914210343	0.09817785969074248	0.2008353488882236
TCGA-AR-A251-01A;MYCBP2	MYCBP2	TCGA-AR-A251-01A	Neutral	Tumor suppressor	0.33866426649201503	0.19273356537530645	0.4686021681326789
TCGA-AR-A251-01A;RASAL2	RASAL2	TCGA-AR-A251-01A	Neutral	Neutral	0.6820530443350906	0.10079285992668684	0.21715409573822286
TCGA-AR-A251-01A;DYNC2H1	DYNC2H1	TCGA-AR-A251-01A	Neutral	Tumor suppressor	0.3013485479095418	0.2078700999205927	0.4907813521698653
